,mu1,lam1,mu2,sigma,mu3,sigma3,w1,w2,w3,n_spikes,Target
0,0.09999848157167435,0.009999999776482582,0.1375143826007843,0.06933894008398056,0.3677445948123932,0.1726674884557724,0.28539764881134033,0.41777560114860535,0.2968267798423767,1015.0,0.0
0,0.01929343119263649,0.01983664184808731,0.15954501926898956,0.24839776754379272,0.37294837832450867,0.2119733840227127,0.9999998807907104,5.435920158447516e-08,6.485008441359241e-08,10364.0,0.0
0,0.10000000149011612,0.010000004433095455,0.2567365765571594,0.37751176953315735,0.6000000238418579,0.5,0.2095625400543213,1.4451360641487554e-07,0.7904373407363892,112.0,0.0
0,0.0999957025051117,0.03995935618877411,0.27809375524520874,0.14575031399726868,0.6000000238418579,0.4999864399433136,0.27709469199180603,0.3695783019065857,0.35332703590393066,487.0,0.0
0,0.03962884470820427,0.02569473534822464,0.061796244233846664,0.025189420208334923,0.12244369089603424,0.0684206634759903,0.8222841620445251,0.1777045577764511,1.1291805094515439e-05,4589.0,0.0
0,0.09999991953372955,0.013726901262998581,0.2037934958934784,0.09638091921806335,0.6000000238418579,0.5,0.2998606264591217,0.34792667627334595,0.35221269726753235,377.0,0.0
0,0.09995480626821518,0.014605329371988773,0.13170799612998962,0.06745630502700806,0.414957731962204,0.1969548612833023,0.31070026755332947,0.38168731331825256,0.30761244893074036,956.0,0.0
0,0.024165894836187363,0.022123275324702263,0.15228371322155,0.20006594061851501,0.35304513573646545,0.20970512926578522,0.9999998807907104,5.935982727578448e-08,5.984946227499677e-08,8274.0,0.0
0,0.10000000149011612,0.03999932110309601,0.15297044813632965,0.0755656436085701,0.4659062922000885,0.22653473913669586,0.3769086003303528,0.34621214866638184,0.2768792510032654,870.0,0.0
0,0.09999029338359833,0.039766136556863785,0.21869707107543945,0.10366764664649963,0.5999993085861206,0.4316193759441376,0.24698755145072937,0.3647288680076599,0.3882835805416107,525.0,0.0
0,0.03849666565656662,0.023621955886483192,0.048327453434467316,0.017321819439530373,0.10000250488519669,0.03431108221411705,0.6882962584495544,0.18271304666996002,0.12899067997932434,4151.0,0.0
0,0.09999997168779373,0.010000001639127731,0.2167467325925827,0.09465579688549042,0.6000000238418579,0.5,0.20454035699367523,0.09944912046194077,0.6960105299949646,205.0,0.0
0,0.09796318411827087,0.010000848211348057,0.15732359886169434,0.08439414948225021,0.49537935853004456,0.2342493087053299,0.3742195665836334,0.3622460961341858,0.2635343372821808,892.0,0.0
0,0.024286840111017227,0.021907279267907143,0.15242013335227966,0.19319148361682892,0.35056281089782715,0.20687700808048248,0.9999998807907104,5.970115779518892e-08,5.950813175559233e-08,8233.0,0.0
0,0.09999988228082657,0.03999998793005943,0.19418197870254517,0.09562422335147858,0.5999997854232788,0.34334757924079895,0.4290255010128021,0.28980693221092224,0.281167596578598,679.0,0.0
0,0.09999997168779373,0.014530605636537075,0.23029890656471252,0.1024145781993866,0.6000000238418579,0.5,0.16657258570194244,0.2952583134174347,0.5381690859794617,350.0,0.0
0,0.04105455055832863,0.025482330471277237,0.04855373501777649,0.018306605517864227,0.10000620037317276,0.036049626767635345,0.6975717544555664,0.16087692975997925,0.14155130088329315,3954.0,0.0
0,0.10000000149011612,0.018725892528891563,0.2715910077095032,0.13330988585948944,0.6000000238418579,0.499999463558197,0.17225757241249084,0.3728392422199249,0.45490318536758423,381.0,0.0
0,0.0411241240799427,0.027649754658341408,0.07478325068950653,0.03145550936460495,0.14719226956367493,0.06920310854911804,0.7950121760368347,0.20491930842399597,6.851980288047343e-05,4163.0,0.0
0,0.09999990463256836,0.01747782900929451,0.2893178164958954,0.14498820900917053,0.6000000238418579,0.4999980330467224,0.12051994353532791,0.31917804479599,0.5603020191192627,357.0,0.0
0,0.04333930090069771,0.025669647380709648,0.05176887661218643,0.02032722346484661,0.11267828941345215,0.043326202780008316,0.6749471426010132,0.18004024028778076,0.14501260221004486,3668.0,0.0
0,0.09999870508909225,0.02455521561205387,0.207235187292099,0.09532162547111511,0.6000000238418579,0.5,0.08103064447641373,0.2352582961320877,0.683711051940918,333.0,0.0
0,0.046122752130031586,0.02597843110561371,0.06361177563667297,0.025567039847373962,0.15467172861099243,0.056563567370176315,0.6519107222557068,0.24959038197994232,0.0984988808631897,3268.0,0.0
0,0.09999992698431015,0.021252524107694626,0.22135812044143677,0.1006874069571495,0.6000000238418579,0.42254337668418884,0.20360790193080902,0.33174195885658264,0.46465015411376953,453.0,0.0
0,0.05707563832402229,0.028557782992720604,0.0736999437212944,0.030162010341882706,0.16714149713516235,0.06626523286104202,0.6000782251358032,0.2605597674846649,0.13936203718185425,2605.0,0.0
0,0.0999995544552803,0.03999926149845123,0.2094932347536087,0.08837801218032837,0.6000000238418579,0.5,0.1346331387758255,0.2884714603424072,0.5768954157829285,376.0,0.0
0,0.03926631063222885,0.024019155651330948,0.04395028203725815,0.015978341922163963,0.10000038892030716,0.028621140867471695,0.7200601100921631,0.16923421621322632,0.11070566624403,4291.0,0.0
0,0.09999967366456985,0.017880698665976524,0.29775264859199524,0.16693255305290222,0.6000000238418579,0.4999982714653015,0.12857332825660706,0.36712563037872314,0.5043010711669922,369.0,0.0
0,0.042554713785648346,0.029062490910291672,0.0950450450181961,0.025111425668001175,0.27952486276626587,0.1587991714477539,0.9999518394470215,3.746135189430788e-05,1.0699190170271322e-05,4700.0,0.0
0,0.09999990463256836,0.02345801517367363,0.19784647226333618,0.0953201875090599,0.6000000238418579,0.3761637806892395,0.23883762955665588,0.4119546711444855,0.34920769929885864,572.0,0.0
0,0.029516709968447685,0.025253424420952797,0.14830823242664337,0.1589725762605667,0.3480416536331177,0.19798177480697632,0.9999998807907104,6.264412633072425e-08,5.6565163220057e-08,6775.0,0.0
0,0.10000000149011612,0.018535686656832695,0.20707650482654572,0.1034257635474205,0.6000000238418579,0.49999749660491943,0.11441285163164139,0.2892749309539795,0.5963122248649597,370.0,0.0
0,0.0390041284263134,0.027963291853666306,0.12324171513319016,0.03646891564130783,0.30090710520744324,0.15486134588718414,0.9999990463256836,6.673452048744366e-07,2.863289125798474e-07,5127.0,0.0
0,0.10000000149011612,0.03999841958284378,0.2743355333805084,0.14055882394313812,0.6000000238418579,0.5,0.18488386273384094,0.33822089433670044,0.4768952429294586,394.0,0.0
0,0.042351726442575455,0.028815755620598793,0.09829794615507126,0.018095264211297035,0.2688969671726227,0.14277079701423645,0.9999834299087524,1.3232774108473677e-05,3.337313273732434e-06,4722.0,0.0
0,0.09999987483024597,0.02226596511900425,0.20692284405231476,0.09941323846578598,0.6000000238418579,0.3580261766910553,0.19362565875053406,0.36841532588005066,0.43795904517173767,517.0,0.0
0,0.039224836975336075,0.02738272026181221,0.11933451145887375,0.03795620799064636,0.3088127672672272,0.1583521068096161,0.9999990463256836,6.643643359893758e-07,2.8930978146490816e-07,5097.0,0.0
0,0.09999991953372955,0.010000002570450306,0.20066608488559723,0.08953814953565598,0.6000000238418579,0.5,0.08987689018249512,0.21181000769138336,0.6983131170272827,296.0,0.0
0,0.09999986737966537,0.03999999910593033,0.21776725351810455,0.10949452966451645,0.6000000238418579,0.3414752185344696,0.26551276445388794,0.36597397923469543,0.368513286113739,584.0,0.0
0,0.04252726584672928,0.0286686010658741,0.10053768008947372,0.024546444416046143,0.27751773595809937,0.15876801311969757,0.9999408721923828,4.590449316310696e-05,1.3223298992670607e-05,4702.0,0.0
0,0.10000000149011612,0.021062657237052917,0.14502659440040588,0.07746092975139618,0.6000000238418579,0.3776276409626007,0.11750669032335281,0.4811261296272278,0.4013671875,562.0,0.0
0,0.09818058460950851,0.010006210766732693,0.10562245547771454,0.05337683856487274,0.3204542100429535,0.14992113411426544,0.2889197766780853,0.41129449009895325,0.2997857630252838,1193.0,0.0
0,0.09999995678663254,0.03999999910593033,0.23724962770938873,0.11857359111309052,0.6000000238418579,0.3719891905784607,0.3214010000228882,0.4076853394508362,0.27091366052627563,642.0,0.0
0,0.09999313950538635,0.009999999776482582,0.12630900740623474,0.06313996016979218,0.3736552596092224,0.1813124120235443,0.29880282282829285,0.43270185589790344,0.2684953212738037,1068.0,0.0
0,0.01859513483941555,0.01927715539932251,0.16028985381126404,0.2639542818069458,0.38093361258506775,0.21556010842323303,0.9999998807907104,5.3216890449903076e-08,6.59923955481645e-08,10754.0,0.0
0,0.09999980032444,0.027078935876488686,0.23613788187503815,0.11950967460870743,0.6000000238418579,0.34301167726516724,0.2777860760688782,0.5135669112205505,0.2086470127105713,690.0,0.0
0,0.04148454591631889,0.027262289077043533,0.06748918443918228,0.027801161631941795,0.14891469478607178,0.0888870358467102,0.825348436832428,0.17464831471443176,3.2687535167497117e-06,4345.0,0.0
0,0.0999976322054863,0.011904084123671055,0.10453665256500244,0.05343269929289818,0.3362984359264374,0.1716020107269287,0.29745301604270935,0.35994067788124084,0.3426063358783722,1049.0,0.0
0,0.017824525013566017,0.020058967173099518,0.16211330890655518,0.26392263174057007,0.38200563192367554,0.21084435284137726,0.9999998807907104,5.25072145762806e-08,6.670207142178697e-08,11218.0,0.0
0,0.10000000149011612,0.010000004433095455,0.2680254578590393,0.14065800607204437,0.6000000238418579,0.5,0.5116177797317505,1.318745006528843e-07,0.48838210105895996,80.0,0.0
0,0.09999984502792358,0.023415330797433853,0.18305160105228424,0.0943501815199852,0.6000000238418579,0.4252265393733978,0.158247709274292,0.3279867172241211,0.5137655735015869,450.0,0.0
0,0.038629479706287384,0.02772555686533451,0.13946186006069183,0.05507812649011612,0.3104493021965027,0.15276280045509338,0.9999978542327881,1.3683629731531255e-06,7.774037840135861e-07,5176.0,0.0
0,0.09999990463256836,0.036071762442588806,0.20342780649662018,0.10496362298727036,0.5999983549118042,0.2936384081840515,0.2695068120956421,0.47188058495521545,0.25861263275146484,688.0,0.0
0,0.08210428059101105,0.01000003982335329,0.10265687853097916,0.04917362704873085,0.28721824288368225,0.1331947296857834,0.34918954968452454,0.33039188385009766,0.3204185664653778,1291.0,0.0
0,0.016296209767460823,0.018910754472017288,0.16681528091430664,0.27915725111961365,0.39117735624313354,0.20703484117984772,0.9999998807907104,5.00771015765622e-08,6.913219152693273e-08,12271.0,0.0
0,0.09999829530715942,0.009999999776482582,0.15715056657791138,0.07902941852807999,0.42913922667503357,0.19530224800109863,0.3423337936401367,0.4259340167045593,0.23173218965530396,974.0,0.0
0,0.019876081496477127,0.020810933783650398,0.15829002857208252,0.24139221012592316,0.36971256136894226,0.21306410431861877,0.9999998807907104,5.518284496019987e-08,6.402644459058138e-08,10060.0,0.0
0,0.09999958425760269,0.03171301633119583,0.2653513550758362,0.13779062032699585,0.6000000238418579,0.3684271574020386,0.2503901720046997,0.49973246455192566,0.24987737834453583,609.0,0.0
0,0.03775748610496521,0.02910119667649269,0.13368822634220123,0.05835837498307228,0.32069095969200134,0.16189932823181152,0.9999998807907104,7.62980221225007e-08,4.2911263875566874e-08,5296.0,0.0
0,0.09999948740005493,0.03999999910593033,0.2518192529678345,0.12184654176235199,0.6000000238418579,0.35380855202674866,0.24324925243854523,0.43015193939208984,0.3265988230705261,572.0,0.0
0,0.10000000149011612,0.024071944877505302,0.22813494503498077,0.12298248708248138,0.6000000238418579,0.4999995827674866,0.18953704833984375,0.35460785031318665,0.4558551013469696,412.0,0.0
0,0.042953770607709885,0.029221929609775543,0.0936240553855896,0.02435070462524891,0.2767162621021271,0.15787947177886963,0.9999216794967651,6.110274262027815e-05,1.7217742424691096e-05,4656.0,0.0
0,0.09999443590641022,0.02312595397233963,0.2660163938999176,0.14271152019500732,0.6000000238418579,0.4949173629283905,0.2227517068386078,0.36319267749786377,0.41405561566352844,443.0,0.0
0,0.0396980382502079,0.02767266519367695,0.12150609493255615,0.03202170878648758,0.30618247389793396,0.15726584196090698,0.9999978542327881,1.5110870208445704e-06,6.346797363221413e-07,5037.0,0.0
0,0.10000000149011612,0.016617538407444954,0.22682052850723267,0.1188843622803688,0.6000000238418579,0.4999997019767761,0.12688811123371124,0.3361566364765167,0.5369552373886108,373.0,0.0
0,0.03986077755689621,0.026215553283691406,0.05881788954138756,0.02298125810921192,0.14170527458190918,0.06477373838424683,0.8407808542251587,0.1591079980134964,0.00011116819950984791,4664.0,0.0
0,0.09999994188547134,0.015878859907388687,0.18794016540050507,0.08771979808807373,0.6000000238418579,0.41648125648498535,0.09892678260803223,0.3360227346420288,0.565050482749939,420.0,0.0
0,0.04066820815205574,0.02884615771472454,0.11019755899906158,0.02500765025615692,0.3014184534549713,0.1612490564584732,0.9999974966049194,1.8482156747268164e-06,6.551788374054013e-07,4917.0,0.0
0,0.09999984502792358,0.012734259478747845,0.19715848565101624,0.09886538982391357,0.6000000238418579,0.49998578429222107,0.07815992832183838,0.30698010325431824,0.6148599982261658,345.0,0.0
0,0.03723374754190445,0.024730222299695015,0.05519985780119896,0.0218886099755764,0.12650905549526215,0.04340585321187973,0.6642434597015381,0.22261540591716766,0.11314111948013306,3896.0,0.0
0,0.09999994188547134,0.014321220107376575,0.17243942618370056,0.05850701034069061,0.6000000238418579,0.39488255977630615,0.1515338271856308,0.1430319994688034,0.7054342031478882,346.0,0.0
0,0.044632621109485626,0.025607693940401077,0.06809650361537933,0.02720521204173565,0.1521342396736145,0.05883999541401863,0.6617724299430847,0.2360198050737381,0.10220775008201599,3269.0,0.0
0,0.10000000149011612,0.02032952383160591,0.24192623794078827,0.115713931620121,0.6000000238418579,0.3626621663570404,0.1951356828212738,0.3198221027851105,0.4850422143936157,414.0,0.0
0,0.04261298477649689,0.02947661094367504,0.09849948436021805,0.022495800629258156,0.2749083340167999,0.1572040170431137,0.9999364614486694,4.996968345949426e-05,1.3568854228651617e-05,4691.0,0.0
0,0.10000000149011612,0.0170738622546196,0.27622222900390625,0.14493189752101898,0.6000000238418579,0.4999997019767761,0.1565038561820984,0.3998907804489136,0.44360536336898804,400.0,0.0
0,0.03893940895795822,0.02571621537208557,0.06447719037532806,0.025744762271642685,0.14666470885276794,0.06663132458925247,0.8207505345344543,0.17921984195709229,2.9637691113748588e-05,4594.0,0.0
0,0.10000000149011612,0.021031934767961502,0.23562541604042053,0.12109994888305664,0.6000000238418579,0.45737653970718384,0.20371046662330627,0.2789503335952759,0.5173392295837402,388.0,0.0
0,0.04289012774825096,0.029706943780183792,0.10396629571914673,0.01877998374402523,0.2799951136112213,0.1580529808998108,0.9999535083770752,3.650068902061321e-05,9.990921171265654e-06,4661.0,0.0
0,0.09999997168779373,0.013112951070070267,0.1845622956752777,0.08570190519094467,0.6000000238418579,0.3503439128398895,0.1171041876077652,0.3388999104499817,0.5439959168434143,430.0,0.0
0,0.04018498212099075,0.02807101234793663,0.12081696838140488,0.026568951085209846,0.2925337255001068,0.1420811265707016,0.999998927116394,7.773674610689341e-07,2.9551591751442174e-07,4975.0,0.0
0,0.09999990463256836,0.01627480797469616,0.17845331132411957,0.071209616959095,0.6000000238418579,0.37155812978744507,0.183982715010643,0.2640768587589264,0.5519404411315918,426.0,0.0
0,0.03822995722293854,0.027797747403383255,0.11587575078010559,0.04858216643333435,0.311067670583725,0.15395283699035645,0.9999998807907104,8.060791856223659e-08,3.860136743583098e-08,5231.0,0.0
0,0.09999992698431015,0.009999999776482582,0.10593283176422119,0.0502629429101944,0.3593161702156067,0.18023358285427094,0.32801052927970886,0.2528296411037445,0.41915982961654663,869.0,0.0
0,0.02785172127187252,0.0215242188423872,0.1489415466785431,0.17343886196613312,0.3518664240837097,0.20247244834899902,0.9999998807907104,6.154810705538694e-08,5.7661182495394314e-08,7178.0,0.0
0,0.10000000149011612,0.009999999776482582,1.6517926269443706e-05,0.0001110924786189571,0.6000000238418579,0.4999997019767761,0.7348760366439819,2.496644242455659e-07,0.26512372493743896,62.0,0.0
0,0.10000000149011612,0.039999984204769135,0.2576531767845154,0.13633625209331512,0.6000000238418579,0.4999997019767761,0.27152034640312195,0.3910830318927765,0.33739665150642395,514.0,0.0
0,0.04018260911107063,0.028738953173160553,0.12326915562152863,0.030279096215963364,0.2989184558391571,0.15079431235790253,0.9999983310699463,1.1877465340148774e-06,4.811831217921281e-07,4976.0,0.0
0,0.09999995678663254,0.039999835193157196,0.17349448800086975,0.09029029309749603,0.6000000238418579,0.4711865782737732,0.14018398523330688,0.3952837884426117,0.4645322263240814,482.0,0.0
0,0.09995481371879578,0.009999999776482582,0.20575402677059174,0.10884325951337814,0.566776692867279,0.26488927006721497,0.32425692677497864,0.4507424533367157,0.22500060498714447,789.0,0.0
0,0.025486163794994354,0.021034130826592445,0.14982151985168457,0.18471044301986694,0.3474350869655609,0.20972861349582672,0.9999995231628418,2.443287598907773e-07,2.325082988363647e-07,7847.0,0.0
0,0.10000000149011612,0.010000007227063179,0.30000001192092896,0.056780438870191574,0.6000000238418579,0.39698389172554016,0.0184136051684618,0.07785148918628693,0.9037349224090576,273.0,0.0
0,0.09999980032444,0.02716953679919243,0.1867234706878662,0.08564385026693344,0.6000000238418579,0.4501073658466339,0.20369507372379303,0.3685149550437927,0.42778998613357544,501.0,0.0
0,0.0391773097217083,0.027010053396224976,0.12675407528877258,0.04368733614683151,0.30973580479621887,0.1691809594631195,0.9999970197677612,2.026042693614727e-06,9.54188863033778e-07,5104.0,0.0
0,0.09999997168779373,0.024735089391469955,0.21024098992347717,0.10776641219854355,0.6000000238418579,0.5,0.2654627561569214,0.3625629246234894,0.3719743490219116,465.0,0.0
0,0.09999994933605194,0.039999984204769135,0.20339255034923553,0.10721076279878616,0.6000000238418579,0.37312939763069153,0.520534098148346,0.24834270775318146,0.2311231940984726,755.0,1.0
0,0.034946296364068985,0.025829564779996872,0.14566989243030548,0.07584554702043533,0.29263928532600403,0.1607290804386139,0.9999666213989258,2.0793422663700767e-05,1.2585170225065667e-05,5723.0,1.0
0,0.09999946504831314,0.03999994322657585,0.17953737080097198,0.07403077930212021,0.4122858941555023,0.16935406625270844,0.7321190237998962,0.17540375888347626,0.0924772173166275,1368.0,1.0
0,0.10000000149011612,0.03999999910593033,0.1905277967453003,0.09159637987613678,0.6000000238418579,0.47466376423835754,0.264978289604187,0.30840638279914856,0.4266153573989868,497.0,1.0
0,0.09071847796440125,0.03997920826077461,0.1226060763001442,0.04946117475628853,0.294686883687973,0.1112348884344101,0.7992621064186096,0.1163715273141861,0.08436638116836548,1789.0,1.0
0,0.09999991953372955,0.03999998793005943,0.20568415522575378,0.12850292026996613,0.6000000238418579,0.4243225157260895,0.49983835220336914,0.24417033791542053,0.2559913098812103,716.0,1.0
0,0.038492970168590546,0.02521936222910881,0.1737796664237976,0.016097329556941986,0.3261564075946808,0.1502428650856018,0.9999998807907104,7.606094243328698e-08,4.314834356478059e-08,5194.0,1.0
0,0.05024631321430206,0.027621090412139893,0.05610739439725876,0.022196194157004356,0.1219133660197258,0.044394079595804214,0.7674564123153687,0.14614568650722504,0.08639790862798691,3489.0,1.0
0,0.10000000149011612,0.010022051632404327,0.07110346108675003,0.0008481513941660523,0.5678284168243408,0.46029046177864075,0.9780892729759216,0.021895697340369225,1.5023999367258511e-05,203.0,1.0
0,0.09999948740005493,0.03655839338898659,0.18340107798576355,0.09063126891851425,0.5999962687492371,0.35011735558509827,0.39473894238471985,0.28840765357017517,0.31685343384742737,644.0,1.0
0,0.06629950553178787,0.034096404910087585,0.08048924803733826,0.03377392888069153,0.19573691487312317,0.0744025707244873,0.7609237432479858,0.1410764902830124,0.09799977391958237,2468.0,1.0
0,0.10000000149011612,0.03999999910593033,0.19488289952278137,0.09352754801511765,0.5999997854232788,0.33050355315208435,0.3314041495323181,0.2735791802406311,0.3950166702270508,566.0,1.0
0,0.09999958425760269,0.02862941473722458,0.20257091522216797,0.10248438268899918,0.5999985933303833,0.2730451226234436,0.43964630365371704,0.38752982020378113,0.17282387614250183,847.0,1.0
0,0.026457354426383972,0.022832486778497696,0.15259067714214325,0.11163849383592606,0.3081914186477661,0.1783243715763092,0.9999990463256836,5.319554361449264e-07,4.2171868130935763e-07,7558.0,1.0
0,0.10000000149011612,0.03999994322657585,0.13076269626617432,0.0586823895573616,0.38799381256103516,0.17448116838932037,0.6209993362426758,0.19611050188541412,0.1828901767730713,1188.0,1.0
0,0.10000000149011612,0.010000002570450306,0.2371227741241455,0.07181154191493988,0.6000000238418579,0.5,0.22552244365215302,5.749437832491822e-07,0.7744770050048828,149.0,1.0
0,0.10000000149011612,0.010000004433095455,0.2818477153778076,0.009667407721281052,0.6000000238418579,0.5,0.2295500487089157,1.3041204738328815e-07,0.7704498171806335,155.0,1.0
0,0.10000000149011612,0.010000008158385754,0.2795686721801758,0.053615752607584,0.6000000238418579,0.5,0.31846559047698975,1.957983386091655e-06,0.6815324425697327,138.0,1.0
0,0.10000000149011612,0.01000000350177288,0.2659672796726227,0.049119312316179276,0.6000000238418579,0.5,0.2801071107387543,0.073639877140522,0.6462529897689819,138.0,1.0
0,0.10000000149011612,0.009999999776482582,0.30000001192092896,0.0015856019454076886,0.6000000238418579,0.5,0.2644830048084259,0.013996057212352753,0.7215209603309631,169.0,1.0
0,0.10000000149011612,0.010000013746321201,0.21698732674121857,0.005501814652234316,0.6000000238418579,0.5,0.31445348262786865,0.03459589183330536,0.6509506106376648,152.0,1.0
0,0.10000000149011612,0.010000007227063179,0.1939963400363922,0.004013114143162966,0.6000000238418579,0.5,0.2957240641117096,0.029304303228855133,0.6749716401100159,130.0,1.0
0,0.10000000149011612,0.009999999776482582,0.26539984345436096,9.999999747378752e-05,0.6000000238418579,0.5,0.26658591628074646,0.006700082216411829,0.726714015007019,147.0,1.0
0,0.09999994933605194,0.010000021196901798,0.22523030638694763,0.014630695804953575,0.6000000238418579,0.5,0.30476096272468567,0.04893754422664642,0.6463015079498291,166.0,1.0
0,0.10000000149011612,0.01000000536441803,0.2804981768131256,0.03384200111031532,0.6000000238418579,0.5,0.3076651692390442,1.451518443218447e-07,0.6923347115516663,137.0,1.0
0,0.10000000149011612,0.024767844006419182,0.2407250553369522,0.12289302051067352,0.6000000238418579,0.4999997019767761,0.1807236522436142,0.33717289566993713,0.48210346698760986,407.0,1.0
0,0.09999361634254456,0.039999932050704956,0.19590449333190918,0.08464761078357697,0.4378664493560791,0.15385036170482635,0.7293112874031067,0.18285003304481506,0.08783867955207825,1351.0,1.0
0,0.07967333495616913,0.029037704691290855,0.08762766420841217,0.03781455382704735,0.2123444676399231,0.08763908594846725,0.5063557028770447,0.26538708806037903,0.2282572239637375,1782.0,1.0
0,0.10000000149011612,0.03999999910593033,0.2337956577539444,0.11687919497489929,0.6000000238418579,0.4999988079071045,0.2643977999687195,0.3265111744403839,0.4090910255908966,476.0,1.0
0,0.06030072271823883,0.030633237212896347,0.08028800785541534,0.03204512968659401,0.18995241820812225,0.06770756840705872,0.7812685966491699,0.14596009254455566,0.07277131080627441,2752.0,1.0
0,0.09057289361953735,0.03133831545710564,0.06703568249940872,0.0252166036516428,0.15812917053699493,0.063653863966465,0.6516481041908264,0.16513921320438385,0.18321265280246735,2018.0,1.0
0,0.08392900973558426,0.011416793800890446,0.08591777086257935,0.04538518935441971,0.2758060693740845,0.13144510984420776,0.4099958539009094,0.3835834860801697,0.2064206749200821,1609.0,1.0
0,0.09999971091747284,0.039999984204769135,0.190933957695961,0.09839082509279251,0.5999977588653564,0.3081190884113312,0.479579895734787,0.33567705750465393,0.18474304676055908,860.0,1.0
0,0.02397797629237175,0.02197384648025036,0.29977259039878845,0.20748834311962128,0.4727998673915863,0.00010006966476794332,0.9998767375946045,8.327542388997244e-08,0.0001231790956808254,8318.0,1.0
0,0.0830933079123497,0.03129417076706886,0.07612353563308716,0.029986664652824402,0.18990719318389893,0.07357572764158249,0.6619899868965149,0.16874577105045319,0.16926422715187073,1997.0,1.0
0,0.09999985247850418,0.03999999910593033,0.2441692352294922,0.12288540601730347,0.6000000238418579,0.49999916553497314,0.36274492740631104,0.24842441082000732,0.38883066177368164,495.0,1.0
0,0.09999984502792358,0.03660954162478447,0.182600200176239,0.08485215157270432,0.5361443758010864,0.26593080163002014,0.39089861512184143,0.31963926553726196,0.2894621193408966,738.0,1.0
0,0.09999994188547134,0.03999998793005943,0.22524167597293854,0.10934644937515259,0.5999998450279236,0.3470688760280609,0.588509202003479,0.2363072782754898,0.17518354952335358,851.0,1.0
0,0.09997007995843887,0.0394408218562603,0.09543143957853317,0.038659289479255676,0.25899389386177063,0.11536608636379242,0.5448981523513794,0.2509320080280304,0.2041698396205902,1356.0,1.0
0,0.029914939776062965,0.02422749623656273,0.1598431020975113,0.07588906586170197,0.2916583716869354,0.13839711248874664,0.9999992847442627,4.191115579033067e-07,2.9614403729283367e-07,6683.0,1.0
0,0.10000000149011612,0.03999441862106323,0.234209805727005,0.11039897799491882,0.6000000238418579,0.5,0.22881494462490082,0.2284383326768875,0.5427467226982117,386.0,1.0
0,0.07985545694828033,0.03794484585523605,0.10496370494365692,0.04576187953352928,0.2706093490123749,0.1097899004817009,0.6535598635673523,0.24080604314804077,0.10563406348228455,1886.0,1.0
0,0.09999965131282806,0.03999986872076988,0.19628478586673737,0.09559270739555359,0.5999913811683655,0.26130351424217224,0.47265705466270447,0.3764653205871582,0.15087760984897614,914.0,1.0
0,0.09999974817037582,0.03999998793005943,0.2655806839466095,0.13332757353782654,0.6000000238418579,0.45394590497016907,0.3496938645839691,0.37447482347488403,0.27583131194114685,584.0,1.0
0,0.04175567999482155,0.027269642800092697,0.0710563212633133,0.03175276517868042,0.22647565603256226,0.09714575111865997,0.9999678134918213,2.5083219952648506e-05,7.103279585862765e-06,4786.0,1.0
0,0.09999994188547134,0.039999984204769135,0.1726342886686325,0.08409526199102402,0.49360838532447815,0.2326499968767166,0.5825781226158142,0.27053797245025635,0.14688393473625183,1070.0,1.0
0,0.09999988228082657,0.032603856176137924,0.14083947241306305,0.06336864084005356,0.37827372550964355,0.16209407150745392,0.4410366117954254,0.28451165556907654,0.27445170283317566,962.0,1.0
0,0.02477608434855938,0.022462278604507446,0.15170033276081085,0.15181098878383636,0.32669129967689514,0.19683793187141418,0.9999991655349731,4.4268378474043857e-07,3.917810715847736e-07,8071.0,1.0
0,0.09999994188547134,0.03999999910593033,0.21468022465705872,0.10898080468177795,0.6000000238418579,0.3947656750679016,0.23619624972343445,0.38099080324172974,0.3828129470348358,539.0,1.0
0,0.09999990463256836,0.03999996557831764,0.1990099400281906,0.1000368669629097,0.6000000238418579,0.35978689789772034,0.43887069821357727,0.28331854939460754,0.2778107523918152,690.0,1.0
0,0.04553879797458649,0.02628721110522747,0.0556834377348423,0.02116534858942032,0.11927813291549683,0.04324427247047424,0.7568618655204773,0.14611782133579254,0.09702032059431076,3690.0,1.0
0,0.09999992698431015,0.03999999910593033,0.20520949363708496,0.09144801646471024,0.6000000238418579,0.36125993728637695,0.4614386260509491,0.2345704734325409,0.30399090051651,663.0,1.0
0,0.10000000149011612,0.01000000350177288,0.28729310631752014,0.023257285356521606,0.6000000238418579,0.5,0.2604893147945404,1.5247329088197148e-07,0.7395105361938477,155.0,1.0
0,0.10000000149011612,0.010000004433095455,0.2811150550842285,0.025812916457653046,0.6000000238418579,0.5,0.2394837588071823,2.3731389831027627e-07,0.7605159878730774,157.0,1.0
0,0.09999975562095642,0.010000058449804783,0.2677523195743561,0.09644380956888199,0.6000000238418579,0.4999998211860657,0.33953291177749634,5.522152832782012e-07,0.6604665517807007,126.0,1.0
0,0.10000000149011612,0.010000006295740604,0.2722185552120209,0.09976145625114441,0.6000000238418579,0.5,0.2687340974807739,2.2578602454359498e-07,0.731265664100647,147.0,1.0
0,0.10000000149011612,0.010000011883676052,0.26573723554611206,0.0190275926142931,0.6000000238418579,0.5,0.2754034996032715,0.02716035209596157,0.6974361538887024,177.0,1.0
0,0.10000000149011612,0.01000000350177288,0.1566968858242035,0.009576914831995964,0.6000000238418579,0.5,0.2915971279144287,0.05178752541542053,0.6566153764724731,142.0,1.0
0,0.10000000149011612,0.009999999776482582,0.29999932646751404,0.027875691652297974,0.6000000238418579,0.5,0.2125048041343689,0.031419120728969574,0.7560760974884033,172.0,1.0
0,0.09999992698431015,0.010000014677643776,0.25535500049591064,0.013235395774245262,0.5999997854232788,0.4999998211860657,0.3359845280647278,6.21880508333561e-06,0.6640092730522156,123.0,1.0
0,0.10000000149011612,0.01000000350177288,0.151783287525177,0.012656726874411106,0.6000000238418579,0.5,0.24251221120357513,0.04160651937127113,0.7158812880516052,151.0,1.0
0,0.10000000149011612,0.01000000350177288,0.22393648326396942,0.09178078174591064,0.6000000238418579,0.5,0.1871727854013443,0.12045437842607498,0.6923728585243225,219.0,1.0
0,0.10000000149011612,0.010000013746321201,0.2503971457481384,0.011044769547879696,0.6000000238418579,0.5,0.2490244358778,0.025001687929034233,0.725973904132843,159.0,1.0
0,0.10000000149011612,0.03999999910593033,0.2453390210866928,0.1340397149324417,0.6000000238418579,0.5,0.3298064172267914,0.33657026290893555,0.33362331986427307,538.0,1.0
0,0.0631316676735878,0.02647530287504196,0.05028574913740158,0.01934286206960678,0.1247384250164032,0.04881672188639641,0.6634026765823364,0.17242275178432465,0.16417455673217773,2814.0,1.0
0,0.0485873743891716,0.030034270137548447,0.08135055005550385,0.034237686544656754,0.19504597783088684,0.06627162545919418,0.8322632908821106,0.14562463760375977,0.02211209386587143,3533.0,1.0
0,0.09999997168779373,0.03072982281446457,0.26009494066238403,0.13342897593975067,0.6000000238418579,0.5,0.3130318224430084,0.27548691630363464,0.41148123145103455,425.0,1.0
0,0.0999998077750206,0.03999999910593033,0.2814251184463501,0.07625048607587814,0.6000000238418579,0.31058377027511597,0.7356259226799011,0.06938061863183975,0.19499345123767853,902.0,1.0
0,0.07002852857112885,0.027831729501485825,0.04350774735212326,0.015976043418049812,0.13277237117290497,0.05466953665018082,0.6781365275382996,0.161386638879776,0.16047681868076324,2635.0,1.0
0,0.10000000149011612,0.03999989479780197,0.1661396324634552,0.08350148051977158,0.6000000238418579,0.36249643564224243,0.3535655438899994,0.3296947479248047,0.3167397081851959,677.0,1.0
0,0.04209014028310776,0.02749297209084034,0.13254885375499725,0.021224476397037506,0.20697276294231415,0.045080505311489105,0.9999949932098389,3.7053812320664292e-06,1.3014079058848438e-06,4750.0,1.0
0,0.09999950975179672,0.03758765012025833,0.131093829870224,0.05536149442195892,0.3793247640132904,0.16993758082389832,0.6102592945098877,0.19483572244644165,0.19490501284599304,1195.0,1.0
0,0.10000000149011612,0.034196410328149796,0.29999515414237976,0.11068884283304214,0.6000000238418579,0.42950209975242615,0.6299383640289307,0.06283494830131531,0.30722665786743164,569.0,1.0
0,0.09988957643508911,0.035976096987724304,0.06093566492199898,0.02220815047621727,0.19104516506195068,0.08403963595628738,0.7013710737228394,0.13662868738174438,0.16200022399425507,1845.0,1.0
0,0.09999986737966537,0.010000066831707954,0.25345706939697266,0.0019605890847742558,0.59999680519104,0.4999980330467224,0.539369523525238,0.02181895636022091,0.4388115406036377,79.0,1.0
0,0.09999994933605194,0.01614443212747574,0.22320318222045898,0.11869613081216812,0.6000000238418579,0.4536903202533722,0.16130073368549347,0.21479350328445435,0.6239057779312134,358.0,1.0
0,0.09999994188547134,0.039998866617679596,0.13686995208263397,0.06401639431715012,0.3555695712566376,0.15065859258174896,0.5012310147285461,0.3295767307281494,0.16919225454330444,1255.0,1.0
0,0.09999978542327881,0.03999995067715645,0.1454738825559616,0.06651850789785385,0.44075581431388855,0.18611975014209747,0.5283690094947815,0.2657226622104645,0.20590832829475403,1067.0,1.0
0,0.10000000149011612,0.02191641926765442,0.13883273303508759,0.07148361951112747,0.5456247329711914,0.2978324890136719,0.3361479938030243,0.3331651985645294,0.3306867778301239,711.0,1.0
