,mu1,lam1,mu2,sigma,mu3,sigma3,w1,w2,w3,n_spikes,Target,Stimulation
0,0.03333197306512281,0.027228559995528603,0.07718442774945826,0.0001,0.10000000473164616,0.00010528276592998552,0.9999999999999998,2.2204460492503126e-16,4.930380657631324e-32,5995.0,0.0,0.0
0,0.03127740459016215,0.02641214683306339,0.02791543349236879,0.0001,0.10000007872730188,0.0001601111258340949,0.9999999999999998,2.2204460492503126e-16,4.930380657631324e-32,6386.0,0.0,0.0
0,0.027243898891757073,0.025886703749347994,0.09752236546024355,0.026705344650263987,0.24468406288144756,0.20974636708807162,0.9999999999999998,1.6969670652321643e-16,5.234789840181488e-17,6908.0,0.0,0.0
0,0.031628219716665,0.02603713594648427,0.045794929926825885,0.0001,0.10000028820395154,0.0001484929986948445,0.9999999999999998,2.2204460492503126e-16,4.930380657631324e-32,6321.0,0.0,0.0
0,0.045222479404396804,0.030394202937534254,0.05004806780796839,0.00010000000000233347,0.10083078620385111,0.0014022380341670887,0.9999999999999998,2.2204460492503126e-16,4.930380657631324e-32,4369.0,0.0,0.0
0,0.04367049675666974,0.03130477833797621,0.04236726331961922,0.00010000000540215202,0.10252726384550416,0.0025086602164346413,0.9999999999999998,2.2204460492503126e-16,4.930380657631324e-32,4572.0,0.0,0.0
0,0.050466673332077466,0.033591069943990394,0.1322214422883482,0.024421992325341636,0.1095187792807409,0.015487432805171354,0.9904206636609624,0.009579336339037623,2.1270399528456052e-18,3945.0,0.0,0.0
0,0.04796582173715542,0.028378880388131338,0.08431101617725312,0.033740582202417956,0.10158627887003703,0.0028540332741591908,0.8097864998129225,0.19021350018707744,4.223588150044699e-17,3810.0,0.0,0.0
0,0.04421154371112442,0.026708682634805445,0.057334074308919514,0.02236082204367378,0.12862070408318796,0.049695443205623295,0.646848023688171,0.1906322539534238,0.16251972235840523,3305.0,0.0,0.0
0,0.047858747129252366,0.030027035847844604,0.0730262856057168,0.03459488818110788,0.10060518918229369,0.00010338077850551628,0.7677632588817416,0.23223674111825837,5.1566915430680466e-17,3693.0,0.0,0.0
0,0.04226921324030902,0.031158316500954675,0.14740437390299177,0.0001,0.10000124027866439,0.00010767807536513352,0.9999999999999998,2.2204460492503126e-16,4.930380657631324e-32,4760.0,0.0,0.0
0,0.04058128343989609,0.02871768092576997,0.1520683085956492,0.0001,0.10000102357501946,0.0001206900369953823,0.9999999999999998,2.2204460492503126e-16,4.930380657631324e-32,4831.0,0.0,0.0
0,0.03574792577663038,0.027767093808267345,0.17471421916519525,0.0001,0.10000004733112966,0.0001000461096537397,0.9999999999999998,2.2204460492503126e-16,4.930380657631324e-32,5593.0,0.0,0.0
0,0.027818410713512393,0.025284889761639787,0.033777362894966835,0.0001,0.10000000000648972,0.00013322496520610705,0.9999999999999998,2.2204460492503126e-16,4.930380657631324e-32,7188.0,0.0,0.0
0,0.03793987907674141,0.02950535605940795,0.13459101048918862,0.00010000000000086544,0.1001650758589542,0.0003566985914917732,0.9999999999999998,2.2204460492503126e-16,4.930380657631324e-32,5247.0,0.0,0.0
0,0.03218853554684839,0.025186351881973375,0.08194375563521342,0.00010000000003686823,0.10068708658355083,0.007115170827003787,0.9999999999999998,2.2204460492503126e-16,4.930380657631324e-32,6212.0,0.0,0.0
0,0.03746868731787682,0.028563762810955972,0.09345075768771996,0.0001,0.10012201875299782,0.00012368477507571408,0.9999999999999998,2.2204460492503126e-16,4.930380657631324e-32,5335.0,0.0,0.0
0,0.02674244049257807,0.025586018270947794,0.0979591278862898,0.03860408482976895,0.2556848223077103,0.21672521055255162,0.9999999999999998,1.6280422436127632e-16,5.924038056375499e-17,7045.0,0.0,0.0
0,0.0312421858124708,0.027448672371299818,0.08260029101936416,0.00010000000244607423,0.10134505849365705,0.010049760588240163,0.9999999999999998,2.2204460492503126e-16,4.930380657631324e-32,6286.0,0.0,0.0
0,0.037917733302757335,0.02831514415194606,0.10993668168356274,0.0001,0.10002188670042714,0.00012538143397626647,0.9999999999999998,2.2204460492503126e-16,4.930380657631324e-32,5266.0,0.0,0.0
0,0.03871163180851995,0.02966028579967056,0.1676703406939054,0.0001,0.10000066983316665,0.00010987037853498298,0.9999999999999998,2.2204460492503126e-16,4.930380657631324e-32,5049.0,0.0,0.0
0,0.041989532742625235,0.025944791944213886,0.05739120547167967,0.021447665763690758,0.11829797333881095,0.043623826132910645,0.6938664117055411,0.2000208653399871,0.10611272295447181,3756.0,0.0,0.0
0,0.040472229965775236,0.02911692720824746,0.18533876353829049,0.0001,0.10000030189492842,0.00010303784227068862,0.9999999999999998,2.2204460492503126e-16,4.930380657631324e-32,4805.0,0.0,0.0
0,0.046819873122056564,0.03291551487461748,0.006368723316383833,0.00010000002641854002,0.10034000196040954,0.001135190426253075,0.9999999999999998,2.2204460492503126e-16,4.930380657631324e-32,4269.0,0.0,0.0
0,0.039814939562471924,0.029064636146495765,0.17604241083273325,0.0001,0.10000000480097433,0.00010034360589512322,0.9999999999999998,2.2204460492503126e-16,4.930380657631324e-32,5019.0,0.0,0.0
0,0.04540606807409191,0.030798559497802566,0.14589705491934743,0.00010000000000007926,0.10015231814442067,0.00035505913240438375,0.9999999999999998,2.2204460492503126e-16,4.930380657631324e-32,4400.0,0.0,0.0
0,0.04186777841232158,0.026988770068291194,0.05862667475691818,0.02234262015557976,0.12334773889425653,0.04512993312467761,0.6970585424908373,0.20287706927788735,0.10006438823127534,3740.0,0.0,0.0
0,0.04124194449437893,0.031787338508747265,0.15663981625619308,0.0001,0.10000025517352826,0.00012160542065317048,0.9999999999999998,2.2204460492503126e-16,4.930380657631324e-32,4959.0,0.0,0.0
0,0.037192546807217904,0.028893396228839793,0.14692469999237656,0.00010000000002852813,0.10030293861837994,0.0014089008303195543,0.9999999999999998,2.2204460492503126e-16,4.930380657631324e-32,5105.0,0.0,0.0
0,0.038725987339300154,0.027727546993925618,0.15921916781473008,0.0001,0.10000044130539054,0.00010575090936713919,0.9999999999999998,2.2204460492503126e-16,4.930380657631324e-32,5163.0,0.0,0.0
0,0.029642004947973206,0.02518754942730907,0.08757190263849761,0.00010000000000188391,0.10002669973755009,0.003085625904617542,0.9999999999999998,2.2204460492503126e-16,4.930380657631324e-32,6584.0,0.0,0.0
0,0.03248731612768756,0.027201734852765003,0.06612842204708423,0.00010000000000000007,0.1000751774724625,0.001118851240842449,0.9999999999999998,2.2204460492503126e-16,4.930380657631324e-32,6153.0,0.0,0.0
0,0.03767902158729474,0.027965025798403344,0.14972798320189015,0.0001,0.10000026490036684,0.00010179593863326917,0.9999999999999998,2.2204460492503126e-16,4.930380657631324e-32,5306.0,0.0,0.0
0,0.03281626198815206,0.027910021686379783,0.11010260818439399,0.0015005916492616285,0.1908248707173903,0.03817308866617479,0.9999999999999998,2.2204460492503126e-16,4.930380657631324e-32,6080.0,0.0,0.0
0,0.03233810964110746,0.02554887294543736,0.07928647368754026,0.000100000000000075,0.10011493504139062,0.0024408889701720343,0.9999999999999998,2.2204460492503126e-16,4.930380657631324e-32,6210.0,0.0,0.0
0,0.04700819193835511,0.03040783370085195,0.00041973456352210675,0.00010000013807746505,0.10324123339651087,0.0017301821599845968,0.9999999999999998,2.2204460492503126e-16,4.930380657631324e-32,4270.0,0.0,0.0
0,0.04609218087617952,0.03080254264294549,0.002324724904576456,0.0001,0.10000225482223862,0.00010049701252222612,0.9999999999999998,2.2204460492503126e-16,4.930380657631324e-32,4337.0,0.0,0.0
0,0.04454237359616228,0.02504594217689186,0.05239962989831483,0.019877293614564945,0.10982198601034168,0.04223414651282561,0.6550269966271225,0.20091989960035792,0.1440531037725196,3598.0,0.0,0.0
0,0.042129583566611575,0.025254799572717444,0.055489412051210156,0.0209624362219272,0.12645394707881744,0.049368796958669414,0.6054264577432791,0.22064623364914696,0.17392730860757397,3344.0,0.0,0.0
0,0.04874571532927554,0.027501314301520287,0.07161206212452344,0.029378324843090643,0.14734446778393148,0.05392001953444643,0.657570477814523,0.24108454173061641,0.10134498045486054,3108.0,0.0,0.0
0,0.048029497414915925,0.02724824250292237,0.07207701587886632,0.031193284321926435,0.1000196559172159,0.00010000666208646094,0.780105125878683,0.21989487412131697,4.882647044930733e-17,3747.0,0.0,0.0
0,0.04875643817959839,0.03157123798126227,0.001895659025337786,0.0001,0.10002314187451164,0.0001467113367081649,0.9999999999999998,2.2204460492503126e-16,4.930380657631324e-32,4100.0,0.0,0.0
0,0.04896479752742773,0.03168470746274795,5.305289447884305e-06,0.00010000000000391666,0.10002032854761284,0.00012384097781434396,0.9999999999999998,2.2204460492503126e-16,4.930380657631324e-32,4083.0,0.0,0.0
0,0.04614751174107662,0.02581118949943351,0.06658771683809737,0.02825808706649237,0.1044189951846266,0.00046526993276060094,0.7937638407843346,0.20623615921566535,4.579362649429828e-17,3936.0,0.0,0.0
0,0.04695141063283121,0.030986285064778237,1.381903098568024e-09,0.0001,0.1000000008221252,0.00010000021018460313,0.9999999999999998,2.2204460492503126e-16,4.930380657631324e-32,4252.0,0.0,0.0
0,0.028830208882146036,0.026047266051869643,0.09548688877804226,0.01939835638018393,0.23719037796441872,0.21159449704182176,0.9999999999999998,1.7561398528154804e-16,4.643061964348327e-17,6927.0,0.0,0.0
0,0.030629931980588335,0.02685007170046022,0.0840715252118438,0.0001,0.1000000153374362,0.00012817181914597103,0.9999999999999998,2.2204460492503126e-16,4.930380657631324e-32,6524.0,0.0,0.0
0,0.026460142134858363,0.024835604482702674,0.10002638209961162,0.039416412360998174,0.2512468905583696,0.21117163156928753,0.9999999999999998,1.6150872697416412e-16,6.053587795086719e-17,7337.0,0.0,0.0
0,0.03371632711706631,0.026593298779986427,0.16443887374643273,0.0001,0.10000000180087681,0.00010058126729325061,0.9999999999999998,2.2204460492503126e-16,4.930380657631324e-32,5931.0,0.0,0.0
0,0.03438774576924616,0.027426819040718278,0.1497524700356713,0.0001,0.10000004259660157,0.00010267953971008959,0.9999999999999998,2.2204460492503126e-16,4.930380657631324e-32,5807.0,0.0,0.0
0,0.04004961178299206,0.029170046365065122,0.141513463804207,0.00010000000000000074,0.1000072007576084,0.00020878164419240434,0.9999999999999998,2.2204460492503126e-16,4.930380657631324e-32,5124.0,0.0,0.0
0,0.04434132974400132,0.031052545353971242,0.16186144355910237,0.00010000000000073131,0.10034579213687814,0.00044297584077878776,0.9999999999999998,2.2204460492503126e-16,4.930380657631324e-32,4383.0,0.0,0.0
0,0.047087157961233105,0.03067330787821835,0.03578385396626534,0.00010000054123607816,0.10422802270871812,0.0020057082898745186,0.9999999999999998,2.2204460492503126e-16,4.930380657631324e-32,4225.0,0.0,0.0
0,0.04040682917144798,0.028484232567770332,0.1843887178101186,0.0001,0.1000000824279991,0.00010293313249072766,0.9999999999999998,2.2204460492503126e-16,4.930380657631324e-32,4952.0,0.0,0.0
0,0.048358729797423665,0.030983363579975623,1.2484352301173275e-05,0.00010000000000010776,0.10002976462866248,0.00013491427731039465,0.9999999999999998,2.2204460492503126e-16,4.930380657631324e-32,4131.0,0.0,0.0
0,0.043706656080657415,0.030012065098316096,0.0032403678044319543,0.00010000000000000002,0.10003473173116045,0.00012797522563915274,0.9999999999999998,2.2204460492503126e-16,4.930380657631324e-32,4565.0,0.0,0.0
0,0.038799866573968105,0.028230046227815192,0.14026075564716572,0.0001,0.10000017355964867,0.00010203864743501048,0.9999999999999998,2.2204460492503126e-16,4.930380657631324e-32,5153.0,0.0,0.0
0,0.04715768388751223,0.032701765687576594,0.05097881978458253,0.0003166475551554283,0.1649376176396592,0.06524121217813686,0.9999999999999998,2.2160252018608305e-16,4.420847389482585e-19,4304.0,0.0,0.0
0,0.044069989785568475,0.025403080327703834,0.06198713983576232,0.024652052344886006,0.13350003840944058,0.051484572429714985,0.643853717444419,0.2234914916617784,0.1326547908938026,3330.0,0.0,0.0
0,0.04414168697531515,0.030375869514395217,0.1847717666245534,0.0001,0.10000018610968296,0.00010054796921093957,0.9999999999999998,2.2204460492503126e-16,4.930380657631324e-32,4528.0,0.0,0.0
0,0.03896667266072332,0.02987273768979487,0.10597074240970675,0.00010000000000130571,0.1000909126270109,0.0006795511331735457,0.9999999999999998,2.2204460492503126e-16,4.930380657631324e-32,5236.0,0.0,0.0
0,0.039845206222549466,0.029563145930044405,0.1417579355983104,0.00010000000000000036,0.1000056475079836,0.00012569164995498804,0.9999999999999998,2.2204460492503126e-16,4.930380657631324e-32,5126.0,0.0,0.0
0,0.0292920885445298,0.02651666187435578,0.04727609158801984,0.00010000000000000003,0.10000223434161393,0.003143438727327501,0.9999999999999998,2.2204460492503126e-16,4.930380657631324e-32,6712.0,0.0,0.0
0,0.03121141454869619,0.024869046475873683,0.11046853544762081,0.0001,0.10000164974082111,0.00020236183564660776,0.9999999999999998,2.2204460492503126e-16,4.930380657631324e-32,6435.0,0.0,0.0
0,0.0311998652605017,0.025565563715476806,0.09811772443147884,0.00010008671566051528,0.1255074308066898,0.02367398606087203,0.9999999999999998,2.2204460492503126e-16,4.930380657631324e-32,6235.0,0.0,0.0
0,0.09999997903109276,0.010000000000000151,0.08349351902797073,0.04127771306125607,0.3151574392019503,0.1626195496392755,0.3057410244208655,0.40323236202913715,0.29102661354999737,1234.0,1.0,1.0
0,0.046340831442318334,0.028369038087879717,0.06599025110501774,0.02532306639766736,0.1432696607895378,0.05082989051112293,0.7006507870396116,0.21557646607955017,0.08377274688083826,3405.0,1.0,1.0
0,0.09999997126764577,0.030960156157186083,0.062341249190248964,0.022927506847042596,0.2318765371177184,0.11587048877795006,0.5097594252644614,0.21578566065270008,0.2744549140828385,1389.0,1.0,1.0
0,0.09999987653334526,0.010000000000001218,0.038712382033148175,0.010620259610151894,0.22584611629015863,0.12449256455703986,0.6035665569104177,0.20904345149743797,0.1873899915921443,1698.0,1.0,1.0
0,0.01943583103081064,0.0188154326225664,0.19834111268943885,0.0001,0.10000000000427539,0.00010000006759228658,0.9999999999999998,2.2204460492503126e-16,4.930380657631324e-32,10561.0,1.0,1.0
0,0.04869990263234128,0.026074392864339817,0.058321077276659375,0.022777388661814977,0.12170091697780566,0.04512681164076232,0.6521992487600671,0.22743664441215578,0.12036410682777716,3350.0,1.0,1.0
0,0.09999998593273692,0.01000000000000113,0.06444766907128151,0.032540038429949736,0.30698541565263926,0.18236002632971948,0.3330049465694721,0.3084163595356785,0.3585786938948494,1143.0,1.0,1.0
0,0.02109837245315644,0.020612180423879523,0.1024386146091737,0.06351592508263687,0.26929217121576077,0.20097887656348154,0.9999999999999998,1.5191887388890834e-16,7.012573103612297e-17,9227.0,1.0,1.0
0,0.09999997811702316,0.01,0.09543401367657724,0.04608837893872904,0.3162497304263103,0.15955718077467515,0.3096358361759627,0.38821914239534877,0.30214502142868854,1151.0,1.0,1.0
0,0.017448911917018983,0.019513375755170426,0.10162779868319223,0.06803197077661788,0.27638709661648175,0.1951405221640488,0.9999999999999998,1.4552251501693185e-16,7.652208990809946e-17,11462.0,1.0,1.0
0,0.09999997824404623,0.017865486733376852,0.08648854822130086,0.040889822559403315,0.27744277252463523,0.13622661007619857,0.37767107967366487,0.37285288871690403,0.24947603160943113,1308.0,1.0,1.0
0,0.018909304020250272,0.01990763854684411,0.19056869791990128,0.0001,0.1,0.00010000020976635671,0.9999999999999998,2.2204460492503126e-16,4.930380657631324e-32,10576.0,1.0,1.0
0,0.1,0.03999997783094192,0.11416124602723283,0.048204826187734556,0.30267173840215705,0.13897080453677102,0.5168472626809492,0.24846253824423944,0.2346901990748114,1202.0,1.0,1.0
0,0.09999992212833095,0.021830983332235383,0.0870461025685739,0.043589750598181314,0.3272562590499437,0.15969065009983216,0.6180280265809904,0.22732578322960292,0.15464619018940665,1453.0,1.0,1.0
0,0.019670110696901007,0.020207059590866876,0.17350316281784106,0.0001,0.10000000000004985,0.00010001286450180572,0.9999999999999998,2.2204460492503126e-16,4.930380657631324e-32,10168.0,1.0,1.0
0,0.06619145735153553,0.028425360697044558,0.06606690099811711,0.02632545075458007,0.17095000225080562,0.07163648090908062,0.5841862953794874,0.2291935324180558,0.1866201722024568,2332.0,1.0,1.0
0,0.027809669005339904,0.021698835015956,0.19944515333931256,0.0001,0.10000000000171659,0.0001000000101565541,0.9999999999999998,2.2204460492503126e-16,4.930380657631324e-32,7118.0,1.0,1.0
0,0.09999992424606599,0.01,0.08585870002417273,0.04480231718814307,0.33273532670188544,0.1820775363423684,0.2856332950302985,0.4125345779076088,0.3018321270620928,1191.0,1.0,1.0
0,0.09999999085520192,0.03266152749423265,0.10011316020868953,0.041624872671424375,0.2431149182141975,0.09838349665028517,0.5858333613905963,0.2709604023776734,0.14320623623173032,1588.0,1.0,1.0
0,0.022714622069974953,0.01977093438546611,0.13964332432990176,0.0001,0.10000000278010816,0.00010498473378692628,0.9999999999999998,2.2204460492503126e-16,4.930380657631324e-32,9104.0,1.0,1.0
0,0.09999996360878106,0.010000000000000002,0.09059926617740309,0.044435161676464247,0.34545137061382775,0.17765410219267666,0.3244873440011294,0.38104499290393923,0.29446766309493144,1128.0,1.0,1.0
0,0.022379515519401087,0.020401863284363348,0.1942172634618512,0.0001,0.10000000000083765,0.00010000006589849256,0.9999999999999998,2.2204460492503126e-16,4.930380657631324e-32,8936.0,1.0,1.0
0,0.06332109665539731,0.029982422768400716,0.05727189012975337,0.02028483011293667,0.12856895911820013,0.049202874689557134,0.650622682455578,0.18305300788731388,0.16632430965710815,2736.0,1.0,1.0
0,0.024896685477727113,0.021876307594604516,0.1087247892906334,0.0001,0.10000000000042365,0.00010000420285581198,0.9999999999999998,2.2204460492503126e-16,4.930380657631324e-32,8033.0,1.0,1.0
0,0.0682737492734514,0.028142558514203116,0.06316188909359109,0.02504589774662174,0.1559849956621826,0.06361466035352985,0.58502715094351,0.21069894448650325,0.20427390456998676,2348.0,1.0,1.0
0,0.06373013641273868,0.02777618685885648,0.051221064411793894,0.01690587183201829,0.11394241994935178,0.0412320137951887,0.6636094409508679,0.1439775095231583,0.19241304952597377,2791.0,1.0,1.0
0,0.09945686555301848,0.035949493077532986,0.08791265601389919,0.037182540380223644,0.2126434214403733,0.08685639186095362,0.6197956375204244,0.2174599958620029,0.16274436661757266,1732.0,1.0,1.0
0,0.0999981780527618,0.039905672138939634,0.11982625452102398,0.05233557404072968,0.3233542181861695,0.14817389988999555,0.5146355865885057,0.20508668614844436,0.2802777272630499,1109.0,1.0,1.0
0,0.09443825920931558,0.036227661380901055,0.0833671920386137,0.03485432834416466,0.22089025749724617,0.0907108224370369,0.6274661154874572,0.19726676249848513,0.17526712201405764,1747.0,1.0,1.0
0,0.09999995299948439,0.03412180747611449,0.1525541504835762,0.06981423312864062,0.41730517096503483,0.1739470824069071,0.5263590504355155,0.31438900182022983,0.15925194774425475,1186.0,1.0,1.0
0,0.05790454005960718,0.028180349862890367,0.056169561704036454,0.021354686561535035,0.13545172704993175,0.052973761630505864,0.6409536844532369,0.197155014852818,0.16189130069394514,2851.0,1.0,1.0
0,0.053907057065671476,0.026372816459764834,0.05024289632812593,0.018123327091881046,0.11174078916208373,0.041132824774756695,0.6935113556182648,0.1639446702207728,0.14254397416096237,3243.0,1.0,1.0
0,0.09999999907059713,0.03999999906385103,0.16767998367045958,0.07869655482786087,0.4532438882871431,0.21544948091896973,0.5408913790053829,0.3186788867089173,0.1404297342856998,1095.0,1.0,1.0
0,0.0559766014558477,0.02701095337920863,0.06476316711583306,0.02609126915336968,0.15322606078267806,0.058395881843990395,0.6263284938541787,0.2569445199992056,0.11672698614661575,2872.0,1.0,1.0
0,0.1,0.039999882180862714,0.13498244604118978,0.06336478500052704,0.38570052491175033,0.17694810554457227,0.524800746768874,0.27024814708917605,0.20495110614194992,1085.0,1.0,1.0
0,0.09999997580029754,0.0353551225904427,0.08325085208650956,0.03024877410677497,0.2040993325841709,0.08037377519211954,0.5686696194400664,0.19629552227937586,0.2350348582805577,1560.0,1.0,1.0
0,0.05002005219644343,0.027593680316347336,0.056094005797383266,0.02093558718979066,0.11281433783280218,0.03891425437066736,0.7089332525477852,0.178085455959196,0.11298129149301883,3434.0,1.0,1.0
0,0.05493149696626839,0.0328248843405043,0.1999872903305149,0.00010000000000632275,0.10000000000000188,0.00010000000000015868,0.9999999999999998,2.2204460492503126e-16,4.930380657631324e-32,3638.0,1.0,1.0
0,0.09999997021918344,0.033319029986232165,0.0708783534570346,0.022740154594472192,0.18967141330666437,0.08352050732131625,0.6135913869251172,0.18162237751722898,0.20478623555765382,1710.0,1.0,1.0
0,0.09999998309550827,0.03701308068335477,0.15659576437953668,0.07343051500542402,0.4247020632151597,0.19699392148607583,0.4205696153256762,0.3609587645828362,0.21847162009148763,1011.0,1.0,1.0
0,0.09999999852031675,0.03999999906305272,0.1692772539757408,0.08158819271130471,0.44899097860363035,0.2168652937753433,0.48225702251903424,0.32455088591489883,0.19319209156606693,1005.0,1.0,1.0
0,0.1,0.039999996573990976,0.1299116270978384,0.05759672972953566,0.3639770934711224,0.1609710375840605,0.4380457825349692,0.30925466517770833,0.2526995522873225,1061.0,1.0,1.0
0,0.1,0.04,0.014029081070190495,0.00014508332184852538,0.6,0.4999999967019548,0.9544298952991207,1.0118871226530037e-17,0.04557010470087929,1354.0,1.0,0.0
0,0.1,0.04,0.1999999979417042,0.09715584439691174,0.6,0.4999997995315242,0.82999532032814,0.04605111498231453,0.12395356468954541,1017.0,1.0,0.0
0,0.1,0.04,0.1744290545444183,0.07644184044240335,0.5999997787885123,0.31126184778492366,0.7787335689029006,0.07513966366669159,0.14612676743040787,1013.0,1.0,0.0
0,0.09999996779526105,0.037975932451354485,0.09043701538596115,0.03612241523305872,0.29082481948421646,0.12873649623450786,0.6729883728274486,0.2232532943372578,0.10375833283529358,1477.0,1.0,0.0
0,0.1,0.04,0.19999999483331618,0.09584983917107096,0.5999999801346749,0.33737681230321087,0.7654025305224156,0.10412376015457274,0.13047370932301167,1022.0,1.0,0.0
0,0.1,0.04,0.18501005188061945,0.08122445655503938,0.5999998891533028,0.29866185162152087,0.8071942741694309,0.10119661366935626,0.09160911216121284,1159.0,1.0,0.0
0,0.1,0.04,0.19999996530392375,0.10198503855347348,0.5999999500273535,0.3320562441599082,0.843780175710822,0.0587792944646805,0.09744052982449752,1144.0,1.0,0.0
0,0.0999999925336859,0.010000000000001693,0.1014424054628758,0.05071588532337248,0.3086312090855615,0.1492533373053823,0.29951777496205734,0.3012574249995396,0.39922480003840305,1031.0,0.0,1.0
0,0.027396531296287906,0.022149698658595476,0.028966789714371693,0.0001,0.10000003866121841,0.0010566928549286525,0.9999999999999998,2.2204460492503126e-16,4.930380657631324e-32,7289.0,0.0,1.0
0,0.061073758441779064,0.027107686356865203,0.07844541480187642,0.033506998080916756,0.20546714158542892,0.08593529093513307,0.5650268864463603,0.24996933778334254,0.1850037757702971,2167.0,0.0,1.0
0,0.055245653449822844,0.024555368068208273,0.06905125315270194,0.029610554684818352,0.1677888680520742,0.06840862612270951,0.6135986597602403,0.25237273262031606,0.13402860761944363,2707.0,0.0,1.0
0,0.030320955000611594,0.022534048217057265,0.12739798518498013,0.0001,0.10000000002224302,0.0001013997630226791,0.9999999999999998,2.2204460492503126e-16,4.930380657631324e-32,6593.0,0.0,1.0
0,0.09999984801648072,0.010000000000010988,0.08736819103384863,0.04379363518285584,0.3046351237623799,0.15425464725212637,0.4647218127030408,0.31838533717541984,0.2168928501215394,1398.0,0.0,1.0
0,0.026389674299044368,0.022161800683881,0.08998281288152266,0.00010001299666070983,0.10151488967251865,0.04828944616478333,0.9999999999999998,2.2204460492503126e-16,4.930380657631324e-32,7836.0,0.0,1.0
0,0.09999999471470886,0.039230907503851074,0.1287098688694589,0.05923105138077822,0.34895762446313816,0.15543928725338368,0.5085107248423856,0.3059074740601424,0.18558180109747205,1211.0,0.0,1.0
0,0.09999996629903894,0.010000000000000519,0.07544874375547433,0.03436702666234012,0.37536544242515657,0.22485145825022188,0.5757796360959563,0.23916269033624732,0.1850576735677964,1313.0,0.0,1.0
0,0.022284771335310885,0.017562401958423752,0.15122569538619554,0.0001,0.10000000000901024,0.00010062439181199397,0.9999999999999998,2.2204460492503126e-16,4.930380657631324e-32,8975.0,0.0,1.0
0,0.08714612466836326,0.01000000093031482,0.06746859833495832,0.031007733714070004,0.20082502895044652,0.09718615394135745,0.5669723931809146,0.2648014316611555,0.16822617515792987,1976.0,0.0,1.0
0,0.020079851128048668,0.019962010859175174,0.098058070016318,0.11630226321883372,0.30546066591093557,0.23009344653542418,0.9999999999999998,1.4312473144059437e-16,7.891987348443693e-17,9576.0,0.0,1.0
0,0.09999998911449323,0.01996918706707192,0.08631025716227402,0.0395635275025,0.6,0.430942305847815,0.7340292980717463,0.21837669405660787,0.0475940078716458,1442.0,0.0,1.0
0,0.07170815246094767,0.024965360855131853,0.06824225440506536,0.026470451267734566,0.10110410470598044,0.0017163500696126864,0.8957241641745887,0.1042758358254113,2.3153886769080886e-17,2904.0,0.0,1.0
0,0.07407134765857948,0.010000000101347202,0.07672867287729333,0.035054727397180276,0.3584170269022292,0.17958745874277002,0.7182615914723948,0.22839277314118475,0.053345635386420474,2219.0,0.0,1.0
0,0.09999998045254117,0.010000000000000136,0.09072458468364865,0.04499090281285928,0.2938619080408487,0.14894042471815425,0.372369507149548,0.3519222245978439,0.27570826825260814,1191.0,0.0,1.0
0,0.049027025585467565,0.021551529251855155,0.04923727959419685,0.01895320680342933,0.10280481530335954,0.036638731965311463,0.6291963518400002,0.23850309011138926,0.13230055804861052,3558.0,0.0,1.0
0,0.0413854198221752,0.017508133338203193,0.052498739164984314,0.024085810262532623,0.10472697258544231,0.0029966914962081563,0.7034832828376318,0.2965167171623681,6.583993731598529e-17,4501.0,0.0,1.0
0,0.04486677907036983,0.02585462679325563,1.0720530394054707e-05,0.0001,0.10000090042182927,0.0001012239995300347,0.9999999999999998,2.2204460492503126e-16,4.930380657631324e-32,4454.0,0.0,1.0
0,0.1,0.04,0.2,0.03614206256247225,0.6,0.2939983257171892,0.908749604396769,2.026165887366267e-17,0.09125039560323099,1232.0,1.0,0.0
0,0.046022280648072594,0.026664044797585332,0.19999941616473796,0.0001,0.10000000000280597,0.00010000000000014511,0.9999999999999998,2.2204460492503126e-16,4.930380657631324e-32,4345.0,1.0,0.0
0,0.0828617301386109,0.032777167335410466,0.07000847193596674,0.02760899415078931,0.18818344095003212,0.07682957565296272,0.6521402131644403,0.19740312194471954,0.1504566648908402,2077.0,1.0,0.0
0,0.1,0.039999993510434574,0.10732553258855655,0.04654902565162472,0.3200968235430346,0.1442152460945185,0.5263279942934966,0.2547971259402828,0.21887487976622053,1256.0,1.0,0.0
0,0.058424816023599155,0.025466129662897068,0.04714997974424886,0.017473929235993998,0.13287350722778057,0.053060053699006834,0.6984816801240692,0.1747636482879111,0.1267546715880197,3034.0,1.0,0.0
0,0.05493650604217448,0.0249418322169096,0.03822683826230847,0.01239004195683748,0.10000001075211488,0.034754773109634644,0.7093039024429292,0.15756730027109725,0.13312879728597357,3445.0,1.0,0.0
0,0.06920932361610935,0.02688154109114469,0.045373144419214355,0.016907918676219276,0.13028058726301472,0.056484625755684637,0.6809864585942875,0.21212310678015203,0.10689043462556044,2829.0,1.0,0.0
0,0.09999999923824186,0.039999995055979364,0.14534118220686543,0.06847652161533323,0.4487852601020039,0.219254766320402,0.4996095029253773,0.3158218327831206,0.18456866429150207,1043.0,1.0,0.0
0,0.09999997238865234,0.039998494718191675,0.14025165677093526,0.05769475503345811,0.3611876148643458,0.15691429179708266,0.6341225485281058,0.23476220474879292,0.1311152467231013,1313.0,1.0,0.0
0,0.09999999895719598,0.03999999877077298,0.1495879886468728,0.06680493541062635,0.41314954054427433,0.1841159388401926,0.5914940170786835,0.2484951196387234,0.16001086328259306,1128.0,1.0,0.0
0,0.09999999598735565,0.03258619300242905,0.14134615094137457,0.08201196260319105,0.48761148465885007,0.24104455461136828,0.7018134935381509,0.15984032202302165,0.13834618443882743,1126.0,1.0,0.0
0,0.024540842744996804,0.02105165334379494,0.19999719818253503,0.0001,0.10000000000000005,0.00010000000000089934,0.9999999999999998,2.2204460492503126e-16,4.930380657631324e-32,8148.0,1.0,0.0
0,0.08084252594453778,0.03462656163183295,0.08444036439629354,0.03533717695070204,0.18541055313636667,0.06582017730936729,0.7647572455929583,0.16913653648902852,0.06610621791801317,2255.0,1.0,0.0
0,0.09999970293184633,0.038970602776050446,0.08407573911531066,0.03460033006843694,0.2651347609998338,0.11508393055383391,0.7190558428082622,0.17186842778765835,0.10907572940407946,1637.0,1.0,0.0
0,0.06824032280126188,0.027574098921198324,0.06152961480236821,0.023641777032019595,0.1535223090534554,0.05978799201995767,0.6654630738318461,0.21948126025990114,0.11505566590825277,2608.0,1.0,0.0
0,0.04666985478152321,0.03169698452145904,0.19999991556508845,0.0001,0.10000000019377003,0.0001,0.9999999999999998,2.2204460492503126e-16,4.930380657631324e-32,4179.0,1.0,0.0
0,0.04188778363244606,0.027342686884721402,0.2,0.0001,0.1000000000000018,0.0001,0.9999999999999998,4.930380657631324e-32,2.2204460492503126e-16,4772.0,1.0,0.0
0,0.07712053248158833,0.03297254350558432,0.08507563288666616,0.03577571530061403,0.23185230758741573,0.09469884796971244,0.7101333068656381,0.21871314382270207,0.07115354931165979,2223.0,1.0,0.0
0,0.09999999599423527,0.03148706945569568,0.14479423953155857,0.06606340668742568,0.3506375948545094,0.1523802940450166,0.44039255362559604,0.3397237752981773,0.21988367107622667,1077.0,1.0,0.0
0,0.099999990315287,0.03999999855045301,0.16711373833154705,0.08045057287873081,0.4681548275848383,0.21702959634785665,0.4301412622082816,0.38573163718516035,0.18412710060655804,1010.0,1.0,0.0
0,0.09999999711364481,0.037302270550089,0.14717327242689277,0.06924019300493454,0.40895208115205994,0.20035551188803283,0.39953594020573624,0.3790199598959115,0.22144409989835226,1031.0,1.0,0.0
0,0.09999998293779076,0.03465499485717042,0.10217518258847276,0.043038715943433906,0.2612296815175189,0.10876752262304835,0.46531080289058874,0.26493922264007447,0.2697499744693367,1351.0,1.0,0.0
0,0.09999995784172563,0.03574069442929296,0.11614223444527941,0.04936374315111185,0.2903627846914131,0.12482040826824115,0.4962304197798983,0.299319823731175,0.2044497564889267,1378.0,1.0,0.0
0,0.08880100576090719,0.03499748950405685,0.1276373952520558,0.05665042455169647,0.31495097085078205,0.12866475276656253,0.4642302458853454,0.31513435995472455,0.2206353941599301,1322.0,1.0,0.0
0,0.045938094496880404,0.025402263337629048,0.05460770116531602,0.01958222241939506,0.11452292761849477,0.041197449265806485,0.6750458387606142,0.1854719280896202,0.1394822331497656,3498.0,1.0,0.0
0,0.09999999264663804,0.03434387050150752,0.10814815760898609,0.04452724928724377,0.2844592024043592,0.13036082345014605,0.42622085649126973,0.27054957239490635,0.303229571113824,1220.0,1.0,0.0
0,0.08398451670639019,0.029317013856892615,0.07576193139039028,0.02978460017059307,0.20040941942446572,0.08149386739919086,0.5083294654281074,0.24141962056446983,0.2502509140074227,1798.0,1.0,0.0
0,0.09153169244946434,0.032133814259808956,0.0865357907529957,0.034175975164161536,0.21414074033880565,0.08328525326736617,0.5840769793462236,0.1891537017417867,0.22676931891198968,1687.0,1.0,0.0
0,0.09999998735104666,0.01901449928694416,0.13189632625530587,0.06564044649782913,0.5999988543422851,0.31120480432851005,0.6210523618520118,0.2317530079788462,0.14719463016914194,1007.0,1.0,0.0
0,0.045589744668543715,0.027436678681525647,0.1999999968087539,0.0001,0.10000000000000007,0.0001,0.9999999999999998,2.2204460492503126e-16,4.930380657631324e-32,4386.0,1.0,0.0
0,0.09999999178955402,0.024554963502409797,0.11471026348457265,0.05193121396784293,0.3361666086040479,0.1532891722677258,0.3892481114418173,0.35134289484718584,0.2594089937109968,1090.0,1.0,0.0
0,0.06439823167448346,0.028059029798422643,0.0658824118642151,0.026212117618143512,0.15459233980856105,0.06130485324057571,0.637295391556461,0.18869860083509968,0.17400600760843934,2486.0,1.0,0.0
0,0.09999998634204028,0.02201116307629352,0.03855724128776462,0.013928184053051464,0.3739229579651966,0.19628194365007276,0.6623360217714197,0.21976502751708304,0.11789895071149725,1320.0,1.0,0.0
0,0.0551181698853665,0.03154096330810027,0.05353749488012534,0.00010000000000000044,0.1,0.00010000000000026883,0.9999999999999998,2.2204460492503126e-16,4.930380657631324e-32,3626.0,1.0,0.0
0,0.07433580749724406,0.027717807893505104,0.06749636287853826,0.025511618558549484,0.1531229181433693,0.05917051224880919,0.5635100822013612,0.2267499764564885,0.20973994134215027,2237.0,1.0,0.0
0,0.09737902424441257,0.018539332479810208,0.11409981174438942,0.05242616186796828,0.36246299116918934,0.17440265523692086,0.6054118478197786,0.2245520656177161,0.17003608656250527,1365.0,1.0,0.0
0,0.02420569890029242,0.021582054894947116,0.1999680715501737,0.0001,0.10000000000000121,0.00010000000008233384,0.9999999999999998,2.2204460492503126e-16,4.930380657631324e-32,8261.0,1.0,0.0
0,0.1,0.03999999515782073,0.15309040294455734,0.0689326491991903,0.4648139101641795,0.21529729002397216,0.5733416894548115,0.2677049082573672,0.15895340228782134,1116.0,1.0,0.0
0,0.09999996940519232,0.01000000000000122,0.08481512398011937,0.045111898489819925,0.3537518841658137,0.1950962644457939,0.47647668479433,0.3491214528053992,0.17440186240027075,1301.0,1.0,0.0
0,0.02825945342293076,0.020860343891743755,0.19954903588611173,0.0001,0.10000000253957643,0.00010000085817288322,0.9999999999999998,2.2204460492503126e-16,4.930380657631324e-32,6805.0,1.0,0.0
0,0.1,0.03999999666513577,0.11861826349827037,0.04675705522532932,0.35054478600339023,0.16259227543765992,0.6670553312423775,0.19033590203766151,0.142608766719961,1301.0,1.0,0.0
0,0.0835537087403623,0.03245385763966027,0.07899106901838461,0.031417418979936704,0.19319396061463084,0.07837313191392313,0.5544023262056794,0.24816603066697734,0.19743164312734324,1920.0,1.0,0.0
0,0.09999998743073422,0.04,0.14545048066795604,0.06724513455542747,0.36866659814564595,0.16097134405476907,0.47036700910109663,0.3693658345350055,0.16026715636389788,1225.0,1.0,0.0
0,0.09999998910347689,0.038553684802444345,0.15660156457947025,0.07381283349454347,0.39524126904337176,0.1793709730959347,0.4477840512662539,0.36015264056463986,0.19206330816910627,1071.0,1.0,0.0
0,0.09999839056931085,0.0399736757104603,0.15110967549130105,0.0632760795690551,0.3554281052774243,0.14739406730233504,0.47636055500773716,0.27853525501694537,0.2451041899753174,1038.0,1.0,0.0
0,0.09999998009700797,0.037573177956640974,0.12598944212310786,0.052611402732719886,0.28930696668059086,0.11781417215836039,0.5209004270548332,0.28983451132376925,0.18926506162139756,1348.0,1.0,0.0
0,0.09999999183534726,0.03435338540581991,0.11455226933091887,0.04969570269339569,0.27458431539082473,0.11736327310793515,0.4738760140473098,0.27783472132906134,0.24828926462362896,1301.0,1.0,0.0
0,0.0999871166182998,0.039896714818362954,0.12951985073885414,0.05358386978188679,0.3107969374468036,0.12870166809660671,0.4872043215065775,0.2926682402038013,0.2201274382896212,1232.0,1.0,0.0
0,0.09999995323043025,0.03684462442947009,0.0959399951974569,0.040466307966527025,0.2361298165263725,0.0976985930332941,0.4386885176556215,0.2894810075301926,0.27183047481418593,1437.0,1.0,0.0
0,0.09999997730574789,0.03249005388313588,0.11762924963244228,0.05276529248463963,0.31041080457188075,0.1324448974618123,0.3938346728105683,0.3398837319093739,0.26628159528005785,1198.0,1.0,0.0
0,0.09999999030951848,0.03564041523752558,0.12121260016655944,0.05399507549565639,0.30641174825830886,0.1295993912213272,0.46658349906594665,0.3223288479160095,0.21108765301804386,1287.0,1.0,0.0
0,0.09999997033668664,0.03716778243746168,0.08063303968069405,0.030857832038566915,0.2728057450542636,0.11452253260237688,0.7344814983901096,0.15253294527434494,0.1129855563355455,1671.0,1.0,0.0
0,0.027919931794886603,0.021743426232126318,0.17688270865195477,0.007217008840546825,0.5799266177969109,0.03453348485917496,0.9999999999999998,9.902291552024903e-18,2.1214231337300641e-16,7523.0,1.0,0.0
0,0.06653264994299957,0.030486347241820793,0.06764356850774311,0.027344089227155737,0.16377281436151045,0.06327593284609756,0.7033269127144819,0.1939225089996012,0.10275057828591691,2603.0,1.0,0.0
0,0.09999999147663563,0.039999543680817415,0.1276377611051362,0.05796560319264622,0.41655032449354623,0.21173688747230218,0.5835840362070327,0.1684944992087531,0.2479214645842142,1007.0,1.0,0.0
0,0.0999999991170069,0.03999999611381884,0.11964225797338757,0.052099604116377235,0.46055503825635136,0.23696373959746894,0.6260776003173208,0.206224768310211,0.16769763137246815,1135.0,1.0,0.0
0,0.05808359082213325,0.03192358772941549,0.2,0.0001,0.10000000000058883,0.0001,0.9999999999999998,2.2204460492503126e-16,4.930380657631324e-32,3592.0,1.0,0.0
0,0.08059245891820475,0.03204222101372711,0.07183479922099266,0.02784913353709556,0.17997236250032078,0.07225927823856891,0.6553247672466999,0.19689440353266036,0.1477808292206398,2136.0,1.0,0.0
0,0.09999998676457995,0.03999999673159837,0.19999999016992798,0.09493873027503173,0.5235203616047819,0.2028317526190875,0.7403010661175757,0.1967043298998309,0.06299460398259336,1350.0,1.0,0.0
0,0.08026772158021438,0.03370517616396175,0.07471627873116081,0.030106876254594878,0.19552341419959202,0.07780970057108627,0.7489180238868459,0.14841589115666184,0.10266608495649224,2187.0,1.0,0.0
0,0.05119289881335809,0.029610009038089382,1.2269646185851565e-39,0.0001,0.6,0.0001,0.9999999999999998,2.2204460492503126e-16,4.930380657631324e-32,3903.0,1.0,0.0
0,0.07747063169370787,0.037671303789920244,5.6605088216446725e-05,0.0001000000258608736,0.15763847606775694,0.00010000000000001544,0.9999999999999998,4.930380657663711e-32,2.2204460492503126e-16,2581.0,1.0,0.0
0,0.06560420626594399,0.0334271226117874,0.19999985679972318,0.00010000000179589381,0.32115517617251377,0.00010358548510737055,0.9999999999999998,1.330397697644552e-16,8.90048351605761e-17,3049.0,1.0,0.0
0,0.09999978206677472,0.03999999279426126,0.18085372585807902,0.07529308359160466,0.4865910370635468,0.14959519981653405,0.8608970755129308,0.10200481920335397,0.03709810528371522,1620.0,1.0,0.0
0,0.09999999683124146,0.03649455994490067,0.1203845017356444,0.05268595217024112,0.3529310558187142,0.1616049623706584,0.5389434171490755,0.23868672675016828,0.22236985610075627,1128.0,1.0,0.0
0,0.07224958679870454,0.03754988734133251,0.1701339994844375,0.059930845954744155,0.4750532806082377,0.035404350954971485,0.9613528523030938,0.03189638115898311,0.006750766537923132,2555.0,1.0,0.0
0,0.055958648327400995,0.029221673837930576,0.2,0.0001,0.1,0.0001,0.9999999999999998,2.2204460492503126e-16,4.930380657631324e-32,3572.0,1.0,0.0
0,0.09999982775650074,0.03603752331284897,0.14451961338716218,0.06671905646773751,0.46172987282522726,0.13035426825487503,0.7697924800433653,0.19261671764871027,0.0375908023079244,1611.0,1.0,0.0
0,0.09999999765957718,0.039999998232632956,0.15587166582442957,0.07125644146053972,0.45476985205329534,0.20837661297403398,0.5392242864230341,0.27440726320391584,0.18636845037305005,1050.0,1.0,0.0
0,0.0439957932847628,0.027844353055289314,0.2,0.46439385207032957,0.4163870291081958,0.2035953677367977,0.9812479949542258,4.164135140039004e-18,0.01875200504577423,3913.0,1.0,0.0
0,0.03531414713672499,0.030752271227680792,0.14184256463725142,0.0001,0.10000935257650648,0.00018331359728307212,0.9999999999999998,2.2204460492503126e-16,4.930380657631324e-32,5638.0,0.0,0.0
0,0.03416766465724193,0.028395462161286265,0.12781575241027046,0.0001,0.10001425354163106,0.00014335461130120277,0.9999999999999998,2.2204460492503126e-16,4.930380657631324e-32,5664.0,0.0,0.0
0,0.0411578694361721,0.030873482831012867,0.12363505566107061,0.0001,0.10000000049344057,0.00010002899884605392,0.9999999999999998,2.2204460492503126e-16,4.930380657631324e-32,4859.0,0.0,0.0
0,0.03754076374188429,0.029200607094515187,0.10695453554000045,0.0001,0.10000002822489491,0.00010070276499294869,0.9999999999999998,2.2204460492503126e-16,4.930380657631324e-32,5327.0,0.0,0.0
0,0.042257598610113516,0.028766316217825008,0.1511424601972879,0.0001,0.1000009622509185,0.00011609404268924066,0.9999999999999998,2.2204460492503126e-16,4.930380657631324e-32,4835.0,0.0,0.0
0,0.04570922852567373,0.033402922108362224,9.362006751836847e-10,0.0001,0.1000044188494052,0.00010042610344119013,0.9999999999999998,2.2204460492503126e-16,4.930380657631324e-32,4375.0,0.0,0.0
0,0.04561576093504526,0.03263003944486852,2.9928588950537403e-05,0.0001,0.1000000067862263,0.00010000014976430841,0.9999999999999998,2.2204460492503126e-16,4.930380657631324e-32,4384.0,0.0,0.0
0,0.05455753550096111,0.027373091375132535,0.053493767351740176,0.019318002588320834,0.11212474955096167,0.04106402002201918,0.6339989557962473,0.1672788395405273,0.19872220466322535,3038.0,0.0,0.0
0,0.04540558574615221,0.028202448241137715,0.05660888728055524,0.02119292938274053,0.12356379661850421,0.04630520807091154,0.6514700018739711,0.20631541181155283,0.1422145863144761,3395.0,0.0,0.0
0,0.05676477120863055,0.029123714622267063,0.04877786633636536,0.016701914228917147,0.11015038046773656,0.04120134331031957,0.6702951245684641,0.15693021431501666,0.1727746611165193,3089.0,0.0,0.0
0,0.049531863408303636,0.033474677757410636,6.0160248721432244e-05,0.0001,0.1000000004696151,0.00010000002632920339,0.9999999999999998,2.2204460492503126e-16,4.930380657631324e-32,4036.0,0.0,0.0
0,0.04344835533529628,0.032032376005497847,0.04699360481902632,0.0001,0.10000057174043843,0.00010062731524632638,0.9999999999999998,2.2204460492503126e-16,4.930380657631324e-32,4602.0,0.0,0.0
0,0.04550623991277127,0.03296012416106932,0.02505916127712224,0.0001,0.10001127540589927,0.00010745719617574793,0.9999999999999998,2.2204460492503126e-16,4.930380657631324e-32,4394.0,0.0,0.0
0,0.0410411314789582,0.029988075199080803,0.11195896605048582,0.00044657798969400983,0.16678703180896454,0.07498547022337754,0.9999999999999998,2.1733568591458594e-16,4.7089190104453654e-18,4873.0,0.0,0.0
0,0.04371521416802153,0.03185866117463902,0.12670556527677826,0.00010000000000000029,0.10013623783641602,0.00027015957718555755,0.9999999999999998,2.2204460492503126e-16,4.930380657631324e-32,4535.0,0.0,0.0
0,0.03359254022405192,0.027963668306522346,0.11335527457460337,0.0001,0.10000067638944546,0.00011415422090355428,0.9999999999999998,2.2204460492503126e-16,4.930380657631324e-32,5952.0,0.0,0.0
0,0.03323727483906457,0.027990119006682843,0.1497601732594331,0.0001,0.1000362539693582,0.00010777827692421419,0.9999999999999998,2.2204460492503126e-16,4.930380657631324e-32,6021.0,0.0,0.0
0,0.03965486812165907,0.03081837366496734,0.19946042607475345,0.0001,0.1,0.00010000000000001044,0.9999999999999998,2.2204460492503126e-16,4.930380657631324e-32,5043.0,0.0,0.0
0,0.02858938142128929,0.02631064365970646,0.026752316082849698,0.0001,0.1000000003856906,0.00019032109007197356,0.9999999999999998,2.2204460492503126e-16,4.930380657631324e-32,7013.0,0.0,0.0
0,0.038817442681402504,0.03114718729757353,0.17772523552031722,0.0001,0.10000133205894404,0.00010586356469657838,0.9999999999999998,2.2204460492503126e-16,4.930380657631324e-32,5062.0,0.0,0.0
0,0.032151080469488336,0.028371532807259955,0.0880399361590524,0.00010000000000000122,0.1001139417643592,0.000626177787133373,0.9999999999999998,2.2204460492503126e-16,4.930380657631324e-32,6220.0,0.0,0.0
0,0.04200723330768239,0.030564043571993185,0.12322833140392529,0.0001,0.10000000001711767,0.00010000008678092133,0.9999999999999998,2.2204460492503126e-16,4.930380657631324e-32,4760.0,0.0,0.0
0,0.040600089191242,0.03202860356652732,0.18471527276611988,0.0001,0.10000014588205475,0.00010079256884551368,0.9999999999999998,2.2204460492503126e-16,4.930380657631324e-32,4826.0,0.0,0.0
0,0.04488271067938584,0.032219652140060104,0.00014278199621747782,0.00010000000000000384,0.1000149074506879,0.00010029853132786054,0.9999999999999998,2.2204460492503126e-16,4.930380657631324e-32,4454.0,0.0,0.0
0,0.04841389084871487,0.033023759255832945,0.00012526556924073295,0.0001,0.10000094548495339,0.00010057346453726452,0.9999999999999998,2.2204460492503126e-16,4.930380657631324e-32,4131.0,0.0,0.0
0,0.05065452618243932,0.03356461968821734,1.2036148344290583e-05,0.00010000000000000075,0.1000048081559032,0.00010159829997856773,0.9999999999999998,2.2204460492503126e-16,4.930380657631324e-32,3948.0,0.0,0.0
0,0.054010793468570475,0.02947001428046105,0.052744049190814095,0.01927030123977286,0.12052497648549362,0.04571928748819733,0.6559082479720235,0.19050477255991707,0.1535869794680594,3125.0,0.0,0.0
0,0.04743954043363835,0.03302163001170302,6.343199564074818e-07,0.00010000000028699525,0.10029928045619083,0.00030554411030093905,0.9999999999999998,2.2204460492503126e-16,4.930380657631324e-32,4215.0,0.0,0.0
0,0.050042801930114594,0.028950449533248688,0.07562807437013376,0.03216554240555226,0.17344672133847763,0.00032202913570358817,0.7980041343576765,0.2004609703657383,0.0015348952765852234,3608.0,0.0,0.0
0,0.04956220714101817,0.028728876288794683,0.06293760535326275,0.024980206344868125,0.12501389594090181,0.04333425122423893,0.6772772668176339,0.2122911940544636,0.11043153912790253,3292.0,0.0,0.0
0,0.04069014664277109,0.030882696148628735,0.1912768531550828,0.00010000000000000002,0.10000129132410525,0.00011114801944549372,0.9999999999999998,2.2204460492503126e-16,4.930380657631324e-32,4915.0,0.0,0.0
0,0.04252482347052742,0.030046135439775124,0.19732035093194478,0.0001,0.10000000591445947,0.00010000619212339814,0.9999999999999998,2.2204460492503126e-16,4.930380657631324e-32,4703.0,0.0,0.0
0,0.047175510288506056,0.03287688987519838,1.681002839150575e-08,0.0001,0.10001892290791731,0.00011080264433296085,0.9999999999999998,2.2204460492503126e-16,4.930380657631324e-32,4239.0,0.0,0.0
0,0.028365986834940297,0.026176822833372925,0.08826564711032203,0.0001001038459290663,0.10614935508378366,0.06195376845346774,0.9999999999999998,2.2204460492503126e-16,4.930380657631324e-32,7050.0,0.0,0.0
0,0.03042010012767106,0.02758110839979864,0.05963456397334005,0.0001,0.10000000001396334,0.00010122603924251325,0.9999999999999998,2.2204460492503126e-16,4.930380657631324e-32,6574.0,0.0,0.0
0,0.04814696703017363,0.02651181526590627,0.047892811581808886,0.01742229003202741,0.11540168546025137,0.04572840241344345,0.6793132933308729,0.18849839940524063,0.1321883072638865,3506.0,1.0,1.0
0,0.030390909695800366,0.023434318653336037,0.1999498012688659,0.0001,0.10000000000196163,0.00010000008036447391,0.9999999999999998,2.2204460492503126e-16,4.930380657631324e-32,6580.0,1.0,1.0
0,0.08054782611990655,0.02875276204211079,0.0650795171666633,0.025512478915101784,0.174396733066002,0.0759882444893893,0.5610986382226006,0.21018254889408794,0.2287188128833114,2022.0,1.0,1.0
0,0.032862285781376156,0.023940598983591417,0.19998491765616302,0.0001,0.10000000000007375,0.0001000000000036371,0.9999999999999998,2.2204460492503126e-16,4.930380657631324e-32,6086.0,1.0,1.0
0,0.09999992465048217,0.03875413607867185,0.11442614463412043,0.051200438480895366,0.28176569188123973,0.11645263498729119,0.5765682811020085,0.25189619711344113,0.17153552178455037,1474.0,1.0,1.0
0,0.03059476595534595,0.024261322456568736,0.19973544048789693,0.0001,0.10000102054524208,0.00010000833393396892,0.9999999999999998,2.2204460492503126e-16,4.930380657631324e-32,6260.0,1.0,1.0
0,0.07693082087032568,0.02841616276725802,0.09639317409954723,0.04290412972380506,0.2366694096955978,0.0988407242061064,0.4949830849766738,0.3022013405454868,0.20281557447783935,1734.0,1.0,1.0
0,0.07923487727572107,0.03538734532741792,0.08322202723610578,0.034269999685996734,0.20399165288335133,0.08054160679060711,0.5529809438136278,0.22731312385762553,0.21970593232874663,1854.0,1.0,1.0
0,0.09999999169594834,0.03652305622071204,0.10957863855245459,0.0476624498690462,0.2738977517639194,0.11862655194383442,0.482653552071973,0.26882564278557014,0.24852080514245684,1343.0,1.0,1.0
0,0.09999931303323742,0.03575049199441062,0.09356615156975957,0.038690904756054946,0.2358887683775689,0.09817575901358985,0.5087507378275602,0.21675427654802684,0.274494985624413,1466.0,1.0,1.0
0,0.0999999822184999,0.0386977444318784,0.14283944286795028,0.06566434494656823,0.33899013555739704,0.13872390066746162,0.524063189046126,0.27520105217453505,0.20073575877933889,1227.0,1.0,1.0
0,0.07069627560069593,0.03327014680397756,0.10556962440088864,0.04689818598970178,0.2506220794239832,0.09544953608501515,0.5305060029227899,0.3229399555409967,0.14655404153621338,1844.0,1.0,1.0
0,0.06330003357530416,0.03109421140049388,0.07278500101977256,0.03007011010850887,0.1750666538058378,0.07035389165461653,0.5835439566172386,0.23308973014939732,0.1833663132333641,2323.0,1.0,1.0
0,0.09059692849443723,0.03999998262349376,0.11995379187043134,0.05536313764885416,0.3042842497036333,0.12859945335179318,0.5275678181381529,0.2820376578968058,0.19039452396504133,1431.0,1.0,1.0
0,0.094118270828501,0.037600330498771886,0.10449342208636961,0.04664854134053011,0.2633800470968659,0.10505723888832202,0.4787115196823799,0.30694303517810645,0.21434544513951365,1495.0,1.0,1.0
0,0.08504093642002676,0.03620028575259305,0.08846535629135689,0.03925556153690267,0.2240784127384089,0.09119103259312736,0.5383763161926318,0.26121468107306256,0.20040900273430562,1755.0,1.0,1.0
0,0.07139923863739915,0.02793077192634203,0.06200670871978986,0.02392703738264802,0.1407394358246618,0.054454693093467864,0.5554545109057281,0.21006527544737905,0.23448021364689287,2332.0,1.0,1.0
0,0.0766502239304662,0.030063159212914355,0.07496327280675716,0.03093664795290062,0.18068796390361722,0.07490835122740123,0.532467006307137,0.2367129927748756,0.23082000091798746,1993.0,1.0,1.0
0,0.09999999541617828,0.02757286257599596,0.13853354270344795,0.06886407799860594,0.4445865986355976,0.2223103263640253,0.530542769076782,0.2867421753374946,0.18271505558572343,1084.0,1.0,1.0
0,0.021307614192418944,0.02140091958896496,0.14648623637573785,0.0001,0.10000000000020808,0.00010005524099374031,0.9999999999999998,2.2204460492503126e-16,4.930380657631324e-32,9386.0,1.0,1.0
0,0.09999999575218776,0.039999982399945684,0.15488776391997308,0.07213957953593297,0.46401699537580743,0.22525600217117012,0.4848053578972467,0.3511498735913285,0.16404476851142485,1051.0,1.0,1.0
0,0.028160248885678845,0.023387756983513305,0.19553890035004984,0.0001,0.10000000721923502,0.00010059456682658074,0.9999999999999998,2.2204460492503126e-16,4.930380657631324e-32,6927.0,1.0,1.0
0,0.03569943636767649,0.025500115691748024,0.19999536407262697,0.0001,0.10000000002694528,0.00010000000002247553,0.9999999999999998,2.2204460492503126e-16,4.930380657631324e-32,5598.0,1.0,1.0
0,0.09999999429815108,0.0385950647398742,0.12045003582020103,0.05295171838373638,0.38332920886985544,0.1775050701351796,0.6786099702016685,0.18063360235548467,0.14075642744284686,1274.0,1.0,1.0
0,0.05837473082759475,0.027977722105195453,0.06532109807979734,0.02669096635815103,0.15953305139958318,0.06348285614040124,0.5603416814090146,0.23999397379709572,0.19966434479388964,2490.0,1.0,1.0
0,0.04456260756504541,0.02840419147060384,0.19210429613647198,0.00010000000000000022,0.10001443000674082,0.00010099297946817705,0.9999999999999998,2.2204460492503126e-16,4.930380657631324e-32,4454.0,1.0,1.0
0,0.09013873920983123,0.03405489798376892,0.09341519139158445,0.03888967976062341,0.23714309233357048,0.09485608521797069,0.588516197226532,0.24078774843199147,0.1706960543414765,1722.0,1.0,1.0
0,0.09999869643579605,0.014997829305528393,0.11354891657030824,0.06039705050096504,0.3892253881951373,0.2027775198426722,0.4318921535731148,0.38112869474776884,0.18697915167911636,1252.0,1.0,1.0
0,0.01963993467924141,0.020198636211939666,0.1912334853878615,0.0001,0.10000000051026044,0.00010049720542963882,0.9999999999999998,2.2204460492503126e-16,4.930380657631324e-32,10186.0,1.0,1.0
0,0.09149234822805889,0.03090202168804062,0.06260958932236867,0.024414942125889693,0.1482375072363036,0.06019338447206381,0.6314934404349734,0.19603140682584227,0.17247515273918437,2087.0,1.0,1.0
0,0.0727467457910923,0.0322528348953875,0.09983055500691777,0.04302101259453388,0.24822868268105716,0.09987520816556472,0.5937373266528948,0.27856965229380587,0.12769302105329933,1945.0,1.0,1.0
0,0.08150536191691825,0.029543860771043515,0.06622000909620278,0.027061761778445124,0.16500847612866582,0.06857155556072247,0.516440482406994,0.22145042197010528,0.2621090956229007,1998.0,1.0,1.0
0,0.07198867249017102,0.02894356843346241,0.06467967993133009,0.02586326189877701,0.15480130104876766,0.06316141371967314,0.5564936356026339,0.22385869348532345,0.21964767091204268,2257.0,1.0,1.0
0,0.0735243726182331,0.029022950805080275,0.07537789982997804,0.03254562390532198,0.19055579720585653,0.0805872405704276,0.5208078654307688,0.2544367164917887,0.22475541807744248,1992.0,1.0,1.0
0,0.0768842209333307,0.029388978520472515,0.06766920850126204,0.027322359273143616,0.17315761166149668,0.07016414283208867,0.5763974587366794,0.2034968233179456,0.220105717945375,2077.0,1.0,1.0
0,0.06871704655986983,0.0290171947138152,0.08493370665590944,0.03717269368739282,0.20543028269873972,0.08290592703656624,0.5246614153222814,0.26698561514026764,0.208352969537451,1968.0,1.0,1.0
0,0.07597634450616286,0.0341097184936447,0.10650832670664792,0.04591633861686112,0.23709549742134126,0.0935425621683666,0.605823503881921,0.25793548009531536,0.13624101602276367,1888.0,1.0,1.0
0,0.0510415870772774,0.02879076355282631,0.05607239011570565,0.00010001766630094923,0.11193664717682512,0.010554470665945635,0.9999999999999998,2.2204384657399506e-16,7.583510362462432e-22,4119.0,1.0,1.0
0,0.06915233768961528,0.03139966489712634,0.06402651483767412,0.02535311176960544,0.16746403559237216,0.06977251289413586,0.5774739398711026,0.20314746994873484,0.21937859018016256,2228.0,1.0,1.0
0,0.06937271251137973,0.02899988667490254,0.08454879744404034,0.03750457176100859,0.1949019710401308,0.07758789689689495,0.5609118523097455,0.28083552230181696,0.15825262538843757,2137.0,1.0,1.0
0,0.06741535686929201,0.03063463317270796,0.08787828905646271,0.036310123522980686,0.18505620553712454,0.06701386588975135,0.6004982589280274,0.26811571466784995,0.1313860264041226,2261.0,1.0,1.0
0,0.08015309487470536,0.02864505130125195,0.06753823647242078,0.027550534663743728,0.16676627320417273,0.06934965475128693,0.5264068302903723,0.24240103157601306,0.23119213813361467,2059.0,1.0,1.0
0,0.0688137455312322,0.029996455062557964,0.07146676025108371,0.028162179949343332,0.1661928793906161,0.06341679392509615,0.7282007633662653,0.16409375151685324,0.10770548511688151,2505.0,1.0,1.0
0,0.0999999871204221,0.039020115897531085,0.10915547563388102,0.044672139603109104,0.28791469269064185,0.11777445962526488,0.6730262502927408,0.18925388902991883,0.1377198606773404,1518.0,1.0,1.0
0,0.040808657572352317,0.03009575101822107,0.16182391990550138,0.0001,0.10000000436556715,0.00010025447386909732,0.9999999999999998,2.2204460492503126e-16,4.930380657631324e-32,4892.0,1.0,1.0
0,0.025474108333615963,0.021422375223593828,0.19974670949184803,0.0001,0.1000000001253489,0.00010000035477783557,0.9999999999999998,2.2204460492503126e-16,4.930380657631324e-32,7801.0,1.0,1.0
0,0.07094448765435976,0.03026245331750821,0.06500640671160164,0.025851078596254653,0.16077800821992552,0.06535124264256363,0.6357433266497113,0.17561671479503943,0.18863995855524923,2300.0,1.0,1.0
0,0.031165090752201103,0.024638802510317196,0.08437070603817107,0.00010000000000128445,0.10023400664865206,0.0033814182541650364,0.9999999999999998,2.2204460492503126e-16,4.930380657631324e-32,6423.0,0.0,1.0
0,0.040767927557656916,0.028951821042796123,0.19844448985567453,0.0001,0.10000000000357864,0.00010000029738151768,0.9999999999999998,2.2204460492503126e-16,4.930380657631324e-32,4905.0,0.0,1.0
0,0.04331812831677999,0.029367563415918133,0.19993593883968816,0.0001,0.1,0.00010000000000003752,0.9999999999999998,2.2204460492503126e-16,4.930380657631324e-32,4615.0,0.0,1.0
0,0.04243141322492788,0.03037640928957178,0.1821670246075432,0.0001,0.10000112972441906,0.00010536846655037537,0.9999999999999998,2.2204460492503126e-16,4.930380657631324e-32,4714.0,0.0,1.0
0,0.04356115715672132,0.02969593535169267,0.1363197907957295,0.00010000000000005697,0.10045112566084934,0.00047537685083414333,0.9999999999999998,2.2204460492503126e-16,4.930380657631324e-32,4621.0,0.0,1.0
0,0.04243981383497214,0.030084249409286893,0.19499932888792226,0.0001,0.10000112875607829,0.00010094604464670192,0.9999999999999998,2.2204460492503126e-16,4.930380657631324e-32,4557.0,0.0,1.0
0,0.05006218237916482,0.027822710524301644,0.12182709988124463,0.00010000916428714899,0.10390966054554121,0.005929773323320931,0.9999999999999998,2.2204460492503126e-16,4.930380657631324e-32,4189.0,0.0,1.0
0,0.045917549316651436,0.030229065327780812,0.0842678011693783,0.00010000000000009979,0.10014661668633476,0.00021812314281149586,0.9999999999999998,2.2204460492503126e-16,4.930380657631324e-32,4293.0,0.0,1.0
0,0.05359795398880154,0.03037319737192068,0.1493170520906238,0.00010000000011594281,0.10048537259492747,0.0003969271088833693,0.9999999999999998,2.2204460492503126e-16,4.930380657631324e-32,3933.0,0.0,1.0
0,0.04625383495535989,0.02852438394472289,0.07731312358788085,0.032956710763006394,0.10022349965687236,0.00044059299841306236,0.8156432791337572,0.18435672086624275,4.093541525001915e-17,3846.0,0.0,1.0
0,0.04531694096535088,0.02568698955517919,0.05801887276807689,0.022265301876641334,0.12361455377311091,0.04643009018572399,0.6846212093997643,0.20967087390508019,0.10570791669515547,3554.0,0.0,1.0
0,0.04743172529832115,0.03243385425751109,1.060786173349233e-06,0.00010000000000000006,0.1000160881526288,0.00010135534572438766,0.9999999999999998,2.2204460492503126e-16,4.930380657631324e-32,4212.0,0.0,1.0
0,0.04519900966671381,0.031245235060498498,0.18794597715282246,0.0001,0.10000000181382254,0.00010000001850121727,0.9999999999999998,2.2204460492503126e-16,4.930380657631324e-32,4424.0,0.0,1.0
0,0.04862434802397863,0.028896394802854414,0.0432458792618651,0.00010004699905880721,0.11537993207461318,0.014602141045604781,0.9999999999999998,2.219984532188757e-16,4.615170615561226e-20,4116.0,0.0,1.0
0,0.04306387002521149,0.03030733630409452,0.19431697427844524,0.0001,0.10000000997081207,0.00010003762880011094,0.9999999999999998,2.2204460492503126e-16,4.930380657631324e-32,4643.0,0.0,1.0
0,0.04820137444025334,0.031775519495686216,1.1294391967678174e-05,0.00010000000000266159,0.10000532695799884,0.00012088309178632763,0.9999999999999998,2.2204460492503126e-16,4.930380657631324e-32,4148.0,0.0,1.0
0,0.043435999163177946,0.02985753912286677,0.1929381026428796,0.0001,0.1000000002343721,0.00010000009301623857,0.9999999999999998,2.2204460492503126e-16,4.930380657631324e-32,4604.0,0.0,1.0
0,0.043591666125586286,0.02879208556448663,0.1897213514600321,0.0001,0.10000081532483819,0.00010186861422943132,0.9999999999999998,2.2204460492503126e-16,4.930380657631324e-32,4586.0,0.0,1.0
0,0.04394529757490406,0.030810104981514336,0.17632811694716435,0.0001,0.10000118019368219,0.00010537860363256884,0.9999999999999998,2.2204460492503126e-16,4.930380657631324e-32,4549.0,0.0,1.0
0,0.043111757900943286,0.030226013698529983,0.1993371759589766,0.0001,0.10000000004041945,0.00010000000656140701,0.9999999999999998,2.2204460492503126e-16,4.930380657631324e-32,4638.0,0.0,1.0
0,0.03558798718383876,0.027370851667827746,0.1717495336162804,0.0001,0.10000212990734937,0.00010141439910915679,0.9999999999999998,2.2204460492503126e-16,4.930380657631324e-32,5618.0,0.0,1.0
0,0.035491090359557866,0.02645373278181289,0.16995235970017267,0.0001,0.10001067748039254,0.00013445169933587868,0.9999999999999998,2.2204460492503126e-16,4.930380657631324e-32,5621.0,0.0,1.0
0,0.03656875047579828,0.028688821306936403,0.16894241302705182,0.0001,0.10000169144593993,0.00011283473517176462,0.9999999999999998,2.2204460492503126e-16,4.930380657631324e-32,5462.0,0.0,1.0
0,0.03874795775221538,0.02890414294559386,0.15300714156843453,0.00010000000000004928,0.10000494651684926,0.0001070475090527084,0.9999999999999998,2.2204460492503126e-16,4.930380657631324e-32,5161.0,0.0,1.0
0,0.04395024850351248,0.029906350441261602,0.012097462863949318,0.0001,0.10000089665196354,0.00010034529972894788,0.9999999999999998,2.2204460492503126e-16,4.930380657631324e-32,4550.0,0.0,1.0
0,0.035324928374059136,0.02777443046580993,0.05570325366548088,0.0001,0.10004130161212521,0.0003570596624645457,0.9999999999999998,2.2204460492503126e-16,4.930380657631324e-32,5701.0,0.0,1.0
0,0.03545607333917802,0.02737304991161056,0.09573759964938576,0.0001,0.10001448254540575,0.000117752777043513,0.9999999999999998,2.2204460492503126e-16,4.930380657631324e-32,5640.0,0.0,1.0
0,0.03820791294470905,0.02955230987099843,0.15397745681435332,0.00010000000000000057,0.10001349133192237,0.00010623974722194965,0.9999999999999998,2.2204460492503126e-16,4.930380657631324e-32,5208.0,0.0,1.0
0,0.039363686047018016,0.03027874547399878,0.18998742806513955,0.0001,0.10000003282884871,0.00010099768322718813,0.9999999999999998,2.2204460492503126e-16,4.930380657631324e-32,5009.0,0.0,1.0
0,0.04100942819152073,0.029317286157264418,0.18493108821584275,0.0001,0.10000066091031694,0.00010092365060698771,0.9999999999999998,2.2204460492503126e-16,4.930380657631324e-32,4881.0,0.0,1.0
0,0.03653165152701567,0.02780535798145532,0.16519985655282432,0.0001,0.10000001075220535,0.00010018220639268915,0.9999999999999998,2.2204460492503126e-16,4.930380657631324e-32,5473.0,0.0,1.0
0,0.040952392380621296,0.030060070266216588,0.17179960952864884,0.0001,0.10000066729035126,0.00010080273614834525,0.9999999999999998,2.2204460492503126e-16,4.930380657631324e-32,4811.0,0.0,1.0
0,0.041021001103792566,0.028848905822425,0.19670520819646053,0.0001,0.10000000001395712,0.00010000045588457506,0.9999999999999998,2.2204460492503126e-16,4.930380657631324e-32,4874.0,0.0,1.0
0,0.04888573704313683,0.033050471812719286,0.010796241906810871,0.0001,0.1000035745609219,0.00010171068786382857,0.9999999999999998,2.2204460492503126e-16,4.930380657631324e-32,4090.0,0.0,1.0
0,0.04168089040819056,0.02876842697077055,0.19738232144922885,0.0001,0.10000000044089062,0.00010000154346253243,0.9999999999999998,2.2204460492503126e-16,4.930380657631324e-32,4798.0,0.0,1.0
0,0.04400625974534672,0.030726285037709036,0.19467009006258176,0.0001,0.10000000378622417,0.00010000048898223191,0.9999999999999998,2.2204460492503126e-16,4.930380657631324e-32,4544.0,0.0,1.0
0,0.04190282556865768,0.030558397693513213,0.1818118277231453,0.0001,0.10000005474709142,0.00010014221393095698,0.9999999999999998,2.2204460492503126e-16,4.930380657631324e-32,4776.0,0.0,1.0
0,0.045202054509883474,0.030367516043708676,0.12402163346111117,0.0001,0.1000000000682414,0.00010000001146040346,0.9999999999999998,2.2204460492503126e-16,4.930380657631324e-32,4424.0,0.0,1.0
0,0.04304727883076282,0.030492904114756855,0.1995518221565291,0.0001,0.10000000016099347,0.00010000001657098091,0.9999999999999998,2.2204460492503126e-16,4.930380657631324e-32,4645.0,0.0,1.0
0,0.04826697483498195,0.026781810011155077,0.05386475721791833,0.020237556754246638,0.11414076604602842,0.04101216445912317,0.6753595147301805,0.19278614471058744,0.13185434055923204,3445.0,0.0,1.0
0,0.04267313543430052,0.029377377745484372,0.1742883642142554,0.0001,0.1000278168787579,0.0001360111414846671,0.9999999999999998,2.2204460492503126e-16,4.930380657631324e-32,4598.0,0.0,1.0
0,0.04134837288535551,0.027167631872353756,0.19511578230626245,0.0001,0.1000000031861377,0.0001000204390128044,0.9999999999999998,2.2204460492503126e-16,4.930380657631324e-32,4680.0,0.0,1.0
0,0.04847940706073566,0.03349712243032532,5.288485271174274e-05,0.00010000000000001312,0.10000122992991779,0.00010053629304724642,0.9999999999999998,2.2204460492503126e-16,4.930380657631324e-32,4125.0,0.0,1.0
0,0.05029599333446338,0.032835414078328046,0.01791744826341311,0.00010000000000000006,0.10002374344684883,0.0001083768468439226,0.9999999999999998,2.2204460492503126e-16,4.930380657631324e-32,3976.0,0.0,1.0
0,0.04132422749302931,0.027911572923120628,0.1442777272788466,0.000100000000000002,0.10002357035569732,0.000166213886423706,0.9999999999999998,2.2204460492503126e-16,4.930380657631324e-32,5089.0,0.0,1.0
0,0.043277432936619516,0.02967501838406109,0.1885698582541273,0.0001,0.10000011196678261,0.00010028108926026523,0.9999999999999998,2.2204460492503126e-16,4.930380657631324e-32,4620.0,0.0,1.0
0,0.03803766889287767,0.030060223818398586,0.13096895818965554,0.00010000000000000068,0.10003426882615461,0.0001504048784777143,0.9999999999999998,2.2204460492503126e-16,4.930380657631324e-32,5223.0,0.0,1.0
0,0.0371389837196117,0.028644562339275238,0.13198630220488983,0.0001,0.10000305078647669,0.000103160272077209,0.9999999999999998,2.2204460492503126e-16,4.930380657631324e-32,5384.0,0.0,1.0
0,0.03447657058610179,0.027976588761681073,0.14481619497690662,0.00010000000000000557,0.10005532015657413,0.00034828496661728017,0.9999999999999998,2.2204460492503126e-16,4.930380657631324e-32,5804.0,0.0,1.0
0,0.03182063111021521,0.024872848208571947,0.12729445339776765,0.0001,0.10000777698739977,0.0003146522877432109,0.9999999999999998,2.2204460492503126e-16,4.930380657631324e-32,6295.0,0.0,1.0
0,0.03275104867686962,0.025494192420774834,0.10648021357087217,0.0001005081987619713,0.12105382588197688,0.008641230046701148,0.9999999999999998,2.2204460492503126e-16,4.930380657631324e-32,6082.0,0.0,1.0
0,0.036465798351462526,0.02769970062416541,0.19097985523440347,0.0001,0.10000000067168646,0.00010000627196169064,0.9999999999999998,2.2204460492503126e-16,4.930380657631324e-32,5484.0,0.0,1.0
0,0.08316995381226214,0.025192559257957586,0.049774802000252624,0.01850865766102281,0.11559732251650852,0.043519658614620725,0.5966752571226398,0.2633085907962766,0.14001615208108362,2532.0,0.0,1.0
0,0.05409652981958928,0.016749455847319777,0.04169198978925491,0.016816720557095224,0.10000004832808686,0.03674428080557093,0.5480522572410169,0.3149083100333969,0.1370394327255862,3549.0,0.0,1.0
0,0.1,0.03431195618881744,0.053779434537213955,0.01632967019071989,0.2969397410394891,0.16492267484989412,0.6432105799920598,0.23505440000360603,0.12173502000433419,1554.0,0.0,1.0
0,0.09010860590218447,0.033511190935976105,0.06262661366919463,0.02803238151842449,0.2409430209366361,0.11371234076038059,0.6016523995925671,0.28922701401672096,0.10912058639071191,2024.0,0.0,1.0
0,0.09999999368715512,0.03999999963159573,0.1485803094950102,0.07596771149790814,0.4720583331546705,0.2272580067034118,0.46883174063462907,0.3618463035671658,0.16932195579820516,1066.0,0.0,1.0
